stall_force|mt_speed|mt_diff|cl_diff|viscosity|mt_number|cl_number|fiber_length|time_step|nb_steps|nb_frames
6|0.2|0.1|0.1|0.1|100|276|3.0|0.0001|100000|100
6|0.2|0.1|0.1|0.1|200|76|3.0|0.0001|100000|100
6|0.2|0.1|0.1|0.1|300|154|3.0|0.0001|100000|100
6|0.2|0.1|0.1|0.1|100|184|3.0|0.0001|100000|100
6|0.2|0.1|0.1|0.1|200|282|3.0|0.0001|100000|100
6|0.2|0.1|0.1|0.1|300|205|3.0|0.0001|100000|100
6|0.2|0.1|0.1|0.1|100|167|3.0|0.0001|100000|100
6|0.2|0.1|0.1|0.1|200|281|3.0|0.0001|100000|100
6|0.2|0.1|0.1|0.1|300|163|3.0|0.0001|100000|100
6|0.2|0.1|0.1|0.1|100|265|3.0|0.0001|100000|100
6|0.2|0.1|0.1|0.1|200|185|3.0|0.0001|100000|100
6|0.2|0.1|0.1|0.1|300|203|3.0|0.0001|100000|100
6|0.2|0.1|0.1|0.1|100|134|3.0|0.0001|100000|100
6|0.2|0.1|0.1|0.1|200|120|3.0|0.0001|100000|100
6|0.2|0.1|0.1|0.1|300|34|3.0|0.0001|100000|100
6|0.2|0.1|0.1|0.1|100|6|3.0|0.0001|100000|100
6|0.2|0.1|0.1|0.1|200|266|3.0|0.0001|100000|100
6|0.2|0.1|0.1|0.1|300|103|3.0|0.0001|100000|100
6|0.2|0.1|0.1|0.1|100|161|3.0|0.0001|100000|100
6|0.2|0.1|0.1|0.1|200|4|3.0|0.0001|100000|100
6|0.2|0.1|0.1|0.1|300|70|3.0|0.0001|100000|100
6|0.2|0.1|0.1|0.1|100|247|3.0|0.0001|100000|100
6|0.2|0.1|0.1|0.1|200|195|3.0|0.0001|100000|100
6|0.2|0.1|0.1|0.1|300|101|3.0|0.0001|100000|100
6|0.2|0.1|0.1|0.1|100|176|3.0|0.0001|100000|100
6|0.2|0.1|0.1|0.1|200|138|3.0|0.0001|100000|100
6|0.2|0.1|0.1|0.1|300|91|3.0|0.0001|100000|100
6|0.2|0.1|0.1|0.1|100|23|3.0|0.0001|100000|100
6|0.2|0.1|0.1|0.1|200|158|3.0|0.0001|100000|100
6|0.2|0.1|0.1|0.1|300|256|3.0|0.0001|100000|100
6|0.2|0.1|0.1|0.1|100|254|3.0|0.0001|100000|100
6|0.2|0.1|0.1|0.1|200|144|3.0|0.0001|100000|100
6|0.2|0.1|0.1|0.1|300|90|3.0|0.0001|100000|100
6|0.2|0.1|0.1|0.1|100|53|3.0|0.0001|100000|100
6|0.2|0.1|0.1|0.1|200|216|3.0|0.0001|100000|100
6|0.2|0.1|0.1|0.1|300|70|3.0|0.0001|100000|100
6|0.2|0.1|0.1|0.1|100|170|3.0|0.0001|100000|100
6|0.2|0.1|0.1|0.1|200|123|3.0|0.0001|100000|100
6|0.2|0.1|0.1|0.1|300|109|3.0|0.0001|100000|100
6|0.2|0.1|0.1|0.1|100|134|3.0|0.0001|100000|100
6|0.2|0.1|0.1|0.1|200|272|3.0|0.0001|100000|100
6|0.2|0.1|0.1|0.1|300|17|3.0|0.0001|100000|100
6|0.2|0.1|0.1|0.1|100|29|3.0|0.0001|100000|100
6|0.2|0.1|0.1|0.1|200|16|3.0|0.0001|100000|100
6|0.2|0.1|0.1|0.1|300|2|3.0|0.0001|100000|100
6|0.2|0.1|0.1|0.1|100|39|3.0|0.0001|100000|100
6|0.2|0.1|0.1|0.1|200|54|3.0|0.0001|100000|100
6|0.2|0.1|0.1|0.1|300|259|3.0|0.0001|100000|100
6|0.2|0.1|0.1|0.1|100|220|3.0|0.0001|100000|100
6|0.2|0.1|0.1|0.1|200|298|3.0|0.0001|100000|100
6|0.2|0.1|0.1|0.1|300|34|3.0|0.0001|100000|100
6|0.2|0.1|0.1|0.1|100|272|3.0|0.0001|100000|100
6|0.2|0.1|0.1|0.1|200|204|3.0|0.0001|100000|100
6|0.2|0.1|0.1|0.1|300|170|3.0|0.0001|100000|100
6|0.2|0.1|0.1|0.1|100|238|3.0|0.0001|100000|100
6|0.2|0.1|0.1|0.1|200|229|3.0|0.0001|100000|100
6|0.2|0.1|0.1|0.1|300|134|3.0|0.0001|100000|100
6|0.2|0.1|0.1|0.1|100|31|3.0|0.0001|100000|100
6|0.2|0.1|0.1|0.1|200|102|3.0|0.0001|100000|100
6|0.2|0.1|0.1|0.1|300|188|3.0|0.0001|100000|100
6|0.2|0.1|0.1|0.1|100|241|3.0|0.0001|100000|100
6|0.2|0.1|0.1|0.1|200|150|3.0|0.0001|100000|100
6|0.2|0.1|0.1|0.1|300|66|3.0|0.0001|100000|100
6|0.2|0.1|0.1|0.1|100|211|3.0|0.0001|100000|100
6|0.2|0.1|0.1|0.1|200|73|3.0|0.0001|100000|100
6|0.2|0.1|0.1|0.1|300|215|3.0|0.0001|100000|100
6|0.2|0.1|0.1|0.1|100|102|3.0|0.0001|100000|100
6|0.2|0.1|0.1|0.1|200|151|3.0|0.0001|100000|100
6|0.2|0.1|0.1|0.1|300|279|3.0|0.0001|100000|100
6|0.2|0.1|0.1|0.1|100|159|3.0|0.0001|100000|100
6|0.2|0.1|0.1|0.1|200|101|3.0|0.0001|100000|100
6|0.2|0.1|0.1|0.1|300|166|3.0|0.0001|100000|100
6|0.2|0.1|0.1|0.1|100|209|3.0|0.0001|100000|100
6|0.2|0.1|0.1|0.1|200|44|3.0|0.0001|100000|100
6|0.2|0.1|0.1|0.1|300|238|3.0|0.0001|100000|100
6|0.2|0.1|0.1|0.1|100|282|3.0|0.0001|100000|100
6|0.2|0.1|0.1|0.1|200|1|3.0|0.0001|100000|100
6|0.2|0.1|0.1|0.1|300|60|3.0|0.0001|100000|100
6|0.2|0.1|0.1|0.1|100|195|3.0|0.0001|100000|100
6|0.2|0.1|0.1|0.1|200|136|3.0|0.0001|100000|100
6|0.2|0.1|0.1|0.1|300|9|3.0|0.0001|100000|100
6|0.2|0.1|0.1|0.1|100|228|3.0|0.0001|100000|100
6|0.2|0.1|0.1|0.1|200|256|3.0|0.0001|100000|100
6|0.2|0.1|0.1|0.1|300|63|3.0|0.0001|100000|100
6|0.2|0.1|0.1|0.1|100|212|3.0|0.0001|100000|100
6|0.2|0.1|0.1|0.1|200|263|3.0|0.0001|100000|100
6|0.2|0.1|0.1|0.1|300|195|3.0|0.0001|100000|100
6|0.2|0.1|0.1|0.1|100|90|3.0|0.0001|100000|100
6|0.2|0.1|0.1|0.1|200|121|3.0|0.0001|100000|100
6|0.2|0.1|0.1|0.1|300|251|3.0|0.0001|100000|100
6|0.2|0.1|0.1|0.1|100|296|3.0|0.0001|100000|100
6|0.2|0.1|0.1|0.1|200|174|3.0|0.0001|100000|100
6|0.2|0.1|0.1|0.1|300|51|3.0|0.0001|100000|100
6|0.2|0.1|0.1|0.1|100|7|3.0|0.0001|100000|100
6|0.2|0.1|0.1|0.1|200|8|3.0|0.0001|100000|100
6|0.2|0.1|0.1|0.1|300|95|3.0|0.0001|100000|100
6|0.2|0.1|0.1|0.1|100|141|3.0|0.0001|100000|100
6|0.2|0.1|0.1|0.1|200|265|3.0|0.0001|100000|100
6|0.2|0.1|0.1|0.1|300|48|3.0|0.0001|100000|100
6|0.2|0.1|0.1|0.1|100|41|3.0|0.0001|100000|100
6|0.2|0.1|0.1|0.1|200|22|3.0|0.0001|100000|100
6|0.2|0.1|0.1|0.1|300|121|3.0|0.0001|100000|100
6|0.2|0.1|0.1|0.1|100|22|3.0|0.0001|100000|100
6|0.2|0.1|0.1|0.1|200|151|3.0|0.0001|100000|100
6|0.2|0.1|0.1|0.1|300|135|3.0|0.0001|100000|100
6|0.2|0.1|0.1|0.1|100|219|3.0|0.0001|100000|100
6|0.2|0.1|0.1|0.1|200|215|3.0|0.0001|100000|100
6|0.2|0.1|0.1|0.1|300|278|3.0|0.0001|100000|100
6|0.2|0.1|0.1|0.1|100|14|3.0|0.0001|100000|100
6|0.2|0.1|0.1|0.1|200|162|3.0|0.0001|100000|100
6|0.2|0.1|0.1|0.1|300|271|3.0|0.0001|100000|100
6|0.2|0.1|0.1|0.1|100|256|3.0|0.0001|100000|100
6|0.2|0.1|0.1|0.1|200|273|3.0|0.0001|100000|100
6|0.2|0.1|0.1|0.1|300|216|3.0|0.0001|100000|100
6|0.2|0.1|0.1|0.1|100|240|3.0|0.0001|100000|100
6|0.2|0.1|0.1|0.1|200|49|3.0|0.0001|100000|100
6|0.2|0.1|0.1|0.1|300|100|3.0|0.0001|100000|100
6|0.2|0.1|0.1|0.1|100|143|3.0|0.0001|100000|100
6|0.2|0.1|0.1|0.1|200|203|3.0|0.0001|100000|100
6|0.2|0.1|0.1|0.1|300|41|3.0|0.0001|100000|100
6|0.2|0.1|0.1|0.1|100|283|3.0|0.0001|100000|100
6|0.2|0.1|0.1|0.1|200|136|3.0|0.0001|100000|100
6|0.2|0.1|0.1|0.1|300|81|3.0|0.0001|100000|100
6|0.2|0.1|0.1|0.1|100|143|3.0|0.0001|100000|100
6|0.2|0.1|0.1|0.1|200|94|3.0|0.0001|100000|100
6|0.2|0.1|0.1|0.1|300|120|3.0|0.0001|100000|100
6|0.2|0.1|0.1|0.1|100|4|3.0|0.0001|100000|100
6|0.2|0.1|0.1|0.1|200|287|3.0|0.0001|100000|100
6|0.2|0.1|0.1|0.1|300|24|3.0|0.0001|100000|100
6|0.2|0.1|0.1|0.1|100|127|3.0|0.0001|100000|100
6|0.2|0.1|0.1|0.1|200|66|3.0|0.0001|100000|100
6|0.2|0.1|0.1|0.1|300|219|3.0|0.0001|100000|100
6|0.2|0.1|0.1|0.1|100|170|3.0|0.0001|100000|100
6|0.2|0.1|0.1|0.1|200|18|3.0|0.0001|100000|100
6|0.2|0.1|0.1|0.1|300|168|3.0|0.0001|100000|100
6|0.2|0.1|0.1|0.1|100|87|3.0|0.0001|100000|100
6|0.2|0.1|0.1|0.1|200|120|3.0|0.0001|100000|100
6|0.2|0.1|0.1|0.1|300|210|3.0|0.0001|100000|100
6|0.2|0.1|0.1|0.1|100|59|3.0|0.0001|100000|100
6|0.2|0.1|0.1|0.1|200|300|3.0|0.0001|100000|100
6|0.2|0.1|0.1|0.1|300|42|3.0|0.0001|100000|100
6|0.2|0.1|0.1|0.1|100|52|3.0|0.0001|100000|100
6|0.2|0.1|0.1|0.1|200|209|3.0|0.0001|100000|100
6|0.2|0.1|0.1|0.1|300|104|3.0|0.0001|100000|100
6|0.2|0.1|0.1|0.1|100|110|3.0|0.0001|100000|100
6|0.2|0.1|0.1|0.1|200|294|3.0|0.0001|100000|100
6|0.2|0.1|0.1|0.1|300|286|3.0|0.0001|100000|100
6|0.2|0.1|0.1|0.1|100|13|3.0|0.0001|100000|100
6|0.2|0.1|0.1|0.1|200|57|3.0|0.0001|100000|100
6|0.2|0.1|0.1|0.1|300|172|3.0|0.0001|100000|100
