stall_force|mt_speed|cl_diff|viscosity|cl_number|mt_number|time_step|nb_steps|nb_frames
6|0.05|0.0035|1|342|342|1e-05|4000000|100
6|0.05|0.00035|1|342|342|1e-05|4000000|100
6|0.05|3.5e-05|1|342|342|1e-05|4000000|100
6|0.05|0.0035|1|79|79|1e-05|4000000|100
6|0.05|0.00035|1|79|79|1e-05|4000000|100
6|0.05|3.5e-05|1|79|79|1e-05|4000000|100
6|0.05|0.0035|1|185|185|1e-05|4000000|100
6|0.05|0.00035|1|185|185|1e-05|4000000|100
6|0.05|3.5e-05|1|185|185|1e-05|4000000|100
6|0.05|0.0035|1|335|335|1e-05|4000000|100
6|0.05|0.00035|1|335|335|1e-05|4000000|100
6|0.05|3.5e-05|1|335|335|1e-05|4000000|100
6|0.05|0.0035|1|150|150|1e-05|4000000|100
6|0.05|0.00035|1|150|150|1e-05|4000000|100
6|0.05|3.5e-05|1|150|150|1e-05|4000000|100
6|0.05|0.0035|1|9|9|1e-05|4000000|100
6|0.05|0.00035|1|9|9|1e-05|4000000|100
6|0.05|3.5e-05|1|9|9|1e-05|4000000|100
6|0.05|0.0035|1|143|143|1e-05|4000000|100
6|0.05|0.00035|1|143|143|1e-05|4000000|100
6|0.05|3.5e-05|1|143|143|1e-05|4000000|100
6|0.05|0.0035|1|76|76|1e-05|4000000|100
6|0.05|0.00035|1|76|76|1e-05|4000000|100
6|0.05|3.5e-05|1|76|76|1e-05|4000000|100
6|0.05|0.0035|1|9|9|1e-05|4000000|100
6|0.05|0.00035|1|9|9|1e-05|4000000|100
6|0.05|3.5e-05|1|9|9|1e-05|4000000|100
6|0.05|0.0035|1|60|60|1e-05|4000000|100
6|0.05|0.00035|1|60|60|1e-05|4000000|100
6|0.05|3.5e-05|1|60|60|1e-05|4000000|100
6|0.05|0.0035|1|138|138|1e-05|4000000|100
6|0.05|0.00035|1|138|138|1e-05|4000000|100
6|0.05|3.5e-05|1|138|138|1e-05|4000000|100
6|0.05|0.0035|1|71|71|1e-05|4000000|100
6|0.05|0.00035|1|71|71|1e-05|4000000|100
6|0.05|3.5e-05|1|71|71|1e-05|4000000|100
6|0.05|0.0035|1|207|207|1e-05|4000000|100
6|0.05|0.00035|1|207|207|1e-05|4000000|100
6|0.05|3.5e-05|1|207|207|1e-05|4000000|100
6|0.05|0.0035|1|164|164|1e-05|4000000|100
6|0.05|0.00035|1|164|164|1e-05|4000000|100
6|0.05|3.5e-05|1|164|164|1e-05|4000000|100
6|0.05|0.0035|1|319|319|1e-05|4000000|100
6|0.05|0.00035|1|319|319|1e-05|4000000|100
6|0.05|3.5e-05|1|319|319|1e-05|4000000|100
6|0.05|0.0035|1|322|322|1e-05|4000000|100
6|0.05|0.00035|1|322|322|1e-05|4000000|100
6|0.05|3.5e-05|1|322|322|1e-05|4000000|100
6|0.05|0.0035|1|194|194|1e-05|4000000|100
6|0.05|0.00035|1|194|194|1e-05|4000000|100
6|0.05|3.5e-05|1|194|194|1e-05|4000000|100
6|0.05|0.0035|1|358|358|1e-05|4000000|100
6|0.05|0.00035|1|358|358|1e-05|4000000|100
6|0.05|3.5e-05|1|358|358|1e-05|4000000|100
6|0.05|0.0035|1|217|217|1e-05|4000000|100
6|0.05|0.00035|1|217|217|1e-05|4000000|100
6|0.05|3.5e-05|1|217|217|1e-05|4000000|100
6|0.05|0.0035|1|5|5|1e-05|4000000|100
6|0.05|0.00035|1|5|5|1e-05|4000000|100
6|0.05|3.5e-05|1|5|5|1e-05|4000000|100
6|0.05|0.0035|1|334|334|1e-05|4000000|100
6|0.05|0.00035|1|334|334|1e-05|4000000|100
6|0.05|3.5e-05|1|334|334|1e-05|4000000|100
6|0.05|0.0035|1|192|192|1e-05|4000000|100
6|0.05|0.00035|1|192|192|1e-05|4000000|100
6|0.05|3.5e-05|1|192|192|1e-05|4000000|100
6|0.05|0.0035|1|362|362|1e-05|4000000|100
6|0.05|0.00035|1|362|362|1e-05|4000000|100
6|0.05|3.5e-05|1|362|362|1e-05|4000000|100
6|0.05|0.0035|1|270|270|1e-05|4000000|100
6|0.05|0.00035|1|270|270|1e-05|4000000|100
6|0.05|3.5e-05|1|270|270|1e-05|4000000|100
6|0.05|0.0035|1|222|222|1e-05|4000000|100
6|0.05|0.00035|1|222|222|1e-05|4000000|100
6|0.05|3.5e-05|1|222|222|1e-05|4000000|100
6|0.05|0.0035|1|201|201|1e-05|4000000|100
6|0.05|0.00035|1|201|201|1e-05|4000000|100
6|0.05|3.5e-05|1|201|201|1e-05|4000000|100
6|0.05|0.0035|1|29|29|1e-05|4000000|100
6|0.05|0.00035|1|29|29|1e-05|4000000|100
6|0.05|3.5e-05|1|29|29|1e-05|4000000|100
6|0.05|0.0035|1|272|272|1e-05|4000000|100
6|0.05|0.00035|1|272|272|1e-05|4000000|100
6|0.05|3.5e-05|1|272|272|1e-05|4000000|100
6|0.05|0.0035|1|141|141|1e-05|4000000|100
6|0.05|0.00035|1|141|141|1e-05|4000000|100
6|0.05|3.5e-05|1|141|141|1e-05|4000000|100
6|0.05|0.0035|1|117|117|1e-05|4000000|100
6|0.05|0.00035|1|117|117|1e-05|4000000|100
6|0.05|3.5e-05|1|117|117|1e-05|4000000|100
6|0.05|0.0035|1|121|121|1e-05|4000000|100
6|0.05|0.00035|1|121|121|1e-05|4000000|100
6|0.05|3.5e-05|1|121|121|1e-05|4000000|100
6|0.05|0.0035|1|357|357|1e-05|4000000|100
6|0.05|0.00035|1|357|357|1e-05|4000000|100
6|0.05|3.5e-05|1|357|357|1e-05|4000000|100
6|0.05|0.0035|1|198|198|1e-05|4000000|100
6|0.05|0.00035|1|198|198|1e-05|4000000|100
6|0.05|3.5e-05|1|198|198|1e-05|4000000|100
6|0.05|0.0035|1|110|110|1e-05|4000000|100
6|0.05|0.00035|1|110|110|1e-05|4000000|100
6|0.05|3.5e-05|1|110|110|1e-05|4000000|100
6|0.05|0.0035|1|205|205|1e-05|4000000|100
6|0.05|0.00035|1|205|205|1e-05|4000000|100
6|0.05|3.5e-05|1|205|205|1e-05|4000000|100
6|0.05|0.0035|1|63|63|1e-05|4000000|100
6|0.05|0.00035|1|63|63|1e-05|4000000|100
6|0.05|3.5e-05|1|63|63|1e-05|4000000|100
6|0.05|0.0035|1|206|206|1e-05|4000000|100
6|0.05|0.00035|1|206|206|1e-05|4000000|100
6|0.05|3.5e-05|1|206|206|1e-05|4000000|100
6|0.05|0.0035|1|218|218|1e-05|4000000|100
6|0.05|0.00035|1|218|218|1e-05|4000000|100
6|0.05|3.5e-05|1|218|218|1e-05|4000000|100
6|0.05|0.0035|1|14|14|1e-05|4000000|100
6|0.05|0.00035|1|14|14|1e-05|4000000|100
6|0.05|3.5e-05|1|14|14|1e-05|4000000|100
6|0.05|0.0035|1|53|53|1e-05|4000000|100
6|0.05|0.00035|1|53|53|1e-05|4000000|100
6|0.05|3.5e-05|1|53|53|1e-05|4000000|100
6|0.05|0.0035|1|272|272|1e-05|4000000|100
6|0.05|0.00035|1|272|272|1e-05|4000000|100
6|0.05|3.5e-05|1|272|272|1e-05|4000000|100
6|0.05|0.0035|1|357|357|1e-05|4000000|100
6|0.05|0.00035|1|357|357|1e-05|4000000|100
6|0.05|3.5e-05|1|357|357|1e-05|4000000|100
6|0.05|0.0035|1|374|374|1e-05|4000000|100
6|0.05|0.00035|1|374|374|1e-05|4000000|100
6|0.05|3.5e-05|1|374|374|1e-05|4000000|100
6|0.05|0.0035|1|374|374|1e-05|4000000|100
6|0.05|0.00035|1|374|374|1e-05|4000000|100
6|0.05|3.5e-05|1|374|374|1e-05|4000000|100
6|0.05|0.0035|1|41|41|1e-05|4000000|100
6|0.05|0.00035|1|41|41|1e-05|4000000|100
6|0.05|3.5e-05|1|41|41|1e-05|4000000|100
6|0.05|0.0035|1|126|126|1e-05|4000000|100
6|0.05|0.00035|1|126|126|1e-05|4000000|100
6|0.05|3.5e-05|1|126|126|1e-05|4000000|100
6|0.05|0.0035|1|198|198|1e-05|4000000|100
6|0.05|0.00035|1|198|198|1e-05|4000000|100
6|0.05|3.5e-05|1|198|198|1e-05|4000000|100
6|0.05|0.0035|1|84|84|1e-05|4000000|100
6|0.05|0.00035|1|84|84|1e-05|4000000|100
6|0.05|3.5e-05|1|84|84|1e-05|4000000|100
6|0.05|0.0035|1|124|124|1e-05|4000000|100
6|0.05|0.00035|1|124|124|1e-05|4000000|100
6|0.05|3.5e-05|1|124|124|1e-05|4000000|100
6|0.05|0.0035|1|66|66|1e-05|4000000|100
6|0.05|0.00035|1|66|66|1e-05|4000000|100
6|0.05|3.5e-05|1|66|66|1e-05|4000000|100
