speed x_show y_show data_scaled
nan nan nan -4.491872309393306040e+01
nan nan nan -4.423457393722742381e+00
nan nan nan -3.833370657743936927e-01
nan nan nan -4.489241544456057653e+01
nan nan nan -4.408330672068477618e+00
nan nan nan -3.698299823176907086e-01
nan nan nan -4.475882052156127600e+01
nan nan nan -4.322674274089002289e+00
nan nan nan -2.686333010248996289e-01
nan nan nan -4.488710761322147391e+01
nan nan nan -4.404706288831722993e+00
nan nan nan -3.580170809171173696e-01
nan nan nan -4.488586457820222364e+01
nan nan nan -4.403492157363295689e+00
nan nan nan -3.595685570574093659e-01
nan nan nan -4.452609223188453313e+01
nan nan nan -4.188909974135972547e+00
nan nan nan 1.310449062308188762e-03
nan nan nan -4.491496519541727395e+01
nan nan nan -4.421072036524235749e+00
nan nan nan -3.889454583758648609e-01
nan nan nan -4.491021319516884347e+01
nan nan nan -4.422017001419504822e+00
nan nan nan -3.760564799536470493e-01
nan nan nan -4.443678406417549098e+01
nan nan nan -4.173678641608304041e+00
nan nan nan -5.550201770764155718e-02
nan nan nan -4.483192372535667403e+01
nan nan nan -4.372700130687473319e+00
nan nan nan -3.334511863029772094e-01
nan nan nan -4.458930397774136623e+01
nan nan nan -4.139096732047746308e+00
nan nan nan -8.757317362815365824e-02
nan nan nan -4.491722701904778603e+01
nan nan nan -4.426995277369613291e+00
nan nan nan -3.855118741354569001e-01
nan nan nan -4.490223528003168241e+01
nan nan nan -4.409755037676769795e+00
nan nan nan -3.689060404472825350e-01
nan nan nan -4.487564647515534233e+01
nan nan nan -4.403344263487916521e+00
nan nan nan -3.622343975321662413e-01
nan nan nan -4.477431175337301994e+01
nan nan nan -4.350956781754087288e+00
nan nan nan -3.109187181074790640e-01
nan nan nan -4.469990992958948794e+01
nan nan nan -4.287884794297932345e+00
nan nan nan -2.180560640550136542e-01
nan nan nan -4.482084364807703025e+01
nan nan nan -4.369431078161780668e+00
nan nan nan -3.102689570362878735e-01
nan nan nan -4.491077770396541524e+01
nan nan nan -4.433808462824500474e+00
nan nan nan -3.928004667585819343e-01
nan nan nan -4.489140780479363713e+01
nan nan nan -4.407968756580632252e+00
nan nan nan -3.682054601870660693e-01
nan nan nan -4.431681448981282045e+01
nan nan nan -4.056577643787751875e+00
nan nan nan 1.501677544397986841e-01
nan nan nan -4.488870112060727280e+01
nan nan nan -4.412865641303072017e+00
nan nan nan -3.748137614393589057e-01
nan nan nan -4.487386382514181093e+01
nan nan nan -4.391950345357922281e+00
nan nan nan -3.508566145327228769e-01
nan nan nan -4.452325544721491468e+01
nan nan nan -4.156079543505357243e+00
nan nan nan -1.449497829042603950e-02
nan nan nan -4.490888771613946062e+01
nan nan nan -4.422859232003941266e+00
nan nan nan -3.876749371532648425e-01
nan nan nan -4.459932491561446000e+01
nan nan nan -4.220825840146121166e+00
nan nan nan -1.617691429269802750e-01
nan nan nan -4.482384956900482820e+01
nan nan nan -4.357297281213646123e+00
nan nan nan -3.113629537800896019e-01
nan nan nan -4.491992106833097154e+01
nan nan nan -4.432896607369269937e+00
nan nan nan -3.889419766973782333e-01
nan nan nan -4.449760170986903063e+01
nan nan nan -4.181041139366342918e+00
nan nan nan 3.712441926757915900e-02
nan nan nan -4.475558329627224197e+01
nan nan nan -4.310766165592008647e+00
nan nan nan -2.465710107684428998e-01
nan nan nan -4.471006610625385491e+01
nan nan nan -4.263142742796380169e+00
nan nan nan -2.402048790791000699e-01
nan nan nan -4.472864673361809906e+01
nan nan nan -4.309282491449875074e+00
nan nan nan -2.684179146629429580e-01
nan nan nan -4.425121340552640703e+01
nan nan nan -4.103103589712427279e+00
nan nan nan 1.182328425726167503e-01
nan nan nan -4.484907846430882472e+01
nan nan nan -4.385352142001977427e+00
nan nan nan -3.382489388282909348e-01
nan nan nan -4.454523616675957243e+01
nan nan nan -4.224843520099712535e+00
nan nan nan -2.688011197597951416e-02
nan nan nan -4.489112193985069865e+01
nan nan nan -4.403731525675699920e+00
nan nan nan -3.626981001609296262e-01
nan nan nan -4.490227342717924586e+01
nan nan nan -4.415799535331066394e+00
nan nan nan -3.678427902243059378e-01
nan nan nan -4.476753460836273035e+01
nan nan nan -4.342179542793983771e+00
nan nan nan -3.071546160077345822e-01
nan nan nan -4.490718962667676806e+01
nan nan nan -4.423308720632276980e+00
nan nan nan -3.835957555037678435e-01
nan nan nan -4.489912877395930479e+01
nan nan nan -4.413339763454565023e+00
nan nan nan -3.716233356768549045e-01
nan nan nan -4.487986235293914206e+01
nan nan nan -4.392098933564705376e+00
nan nan nan -3.576347695245812863e-01
nan nan nan -4.490483678045060145e+01
nan nan nan -4.418861793312711228e+00
nan nan nan -3.806797053101303452e-01
nan nan nan -4.491121635490014086e+01
nan nan nan -4.433599883343065429e+00
nan nan nan -3.870252534787955168e-01
nan nan nan -4.490443221185963552e+01
nan nan nan -4.427347271590384992e+00
nan nan nan -3.819157489669628425e-01
nan nan nan -4.484158072698996733e+01
nan nan nan -4.376164496462044085e+00
nan nan nan -3.391005911999505074e-01
nan nan nan -4.489346685510559354e+01
nan nan nan -4.406023469316577845e+00
nan nan nan -3.671656454600679131e-01
nan nan nan -4.489486806266123864e+01
nan nan nan -4.423571849790217669e+00
nan nan nan -3.789469367669974220e-01
nan nan nan -4.482034080706997514e+01
nan nan nan -4.365329625834008631e+00
nan nan nan -3.254132536889731142e-01
nan nan nan -4.487980610792417480e+01
nan nan nan -4.409675561528124454e+00
nan nan nan -3.698502601966059955e-01
nan nan nan -4.445396686032276534e+01
nan nan nan -4.079526001623510645e+00
nan nan nan 4.934933811981165874e-01
nan nan nan -4.459464078409448007e+01
nan nan nan -4.093410643211636391e+00
nan nan nan -7.860276553830908286e-02
