301.39506172839504 316.5061728395062
307.2716049382716 325.2345679012346
321.85185185185185 319.1111111111111
77.25925925925925 71.49382716049382
70.0 71.1604938271605
75.72839506172839 68.17283950617283
175.55555555555554 176.39506172839506
172.39506172839506 173.07407407407408
175.7037037037037 172.46913580246914
310.2716049382716 323.55555555555554
291.358024691358 311.962962962963
302.58024691358025 300.5432098765432
142.5679012345679 144.5679012345679
134.39506172839506 132.12345679012347
143.06172839506172 139.44444444444446
9.0 9.0
8.0 8.641975308641975
8.0 9.0
131.69135802469137 139.98765432098764
132.79012345679013 132.1604938271605
130.7283950617284 120.69135802469135
72.49382716049382 69.0
72.65432098765432 75.07407407407408
71.61728395061728 64.09876543209876
8.950617283950617 9.0
8.975308641975309 7.308641975308642
9.0 9.0
59.04938271604938 54.23456790123457
58.04938271604938 56.0
54.80246913580247 55.148148148148145
130.09876543209876 122.1358024691358
125.75308641975309 123.45679012345678
130.8395061728395 128.3827160493827
69.33333333333333 63.97530864197531
70.0 66.19753086419753
69.0 64.0
199.1604938271605 201.8148148148148
193.1851851851852 189.74074074074073
192.25925925925927 179.9506172839506
153.44444444444446 144.60493827160494
154.7037037037037 157.71604938271605
152.1851851851852 148.93827160493828
299.22222222222223 301.5061728395062
297.74074074074076 302.30864197530866
295.8395061728395 300.4074074074074
294.1111111111111 299.77777777777777
293.1111111111111 304.7283950617284
302.7901234567901 306.95061728395063
183.45679012345678 189.0
183.3827160493827 184.0
181.46913580246914 189.11111111111111
323.3703703703704 329.7037037037037
314.1111111111111 329.4691358024691
314.08641975308643 324.5432098765432
204.1604938271605 206.76543209876544
204.90123456790124 201.01234567901236
207.74074074074073 202.65432098765433
5.0 4.0
5.0 5.0
4.790123456790123 5.0
306.2962962962963 304.25925925925924
308.87654320987656 319.04938271604937
312.48148148148147 301.95061728395063
178.320987654321 182.7037037037037
183.34567901234567 174.5679012345679
176.45679012345678 171.1604938271605
317.04938271604937 339.0740740740741
314.9259259259259 328.58024691358025
323.4691358024691 332.77777777777777
250.320987654321 250.07407407407408
251.54320987654322 253.5679012345679
254.79012345679013 250.0
209.08641975308643 212.07407407407408
201.49382716049382 192.58024691358025
211.54320987654322 201.96296296296296
190.45679012345678 189.79012345679013
188.320987654321 184.87654320987653
189.8395061728395 186.65432098765433
29.0 28.0
27.296296296296298 27.469135802469136
27.02469135802469 24.135802469135804
252.87654320987653 251.90123456790124
250.39506172839506 250.69135802469137
255.5679012345679 254.8148148148148
133.65432098765433 135.46913580246914
128.74074074074073 132.92592592592592
130.02469135802468 134.0
108.08641975308642 109.80246913580247
106.24691358024691 104.23456790123457
113.4320987654321 113.67901234567901
115.91358024691358 120.0
115.64197530864197 110.53086419753086
114.67901234567901 115.70370370370371
330.98765432098764 333.0
315.8888888888889 326.65432098765433
326.08641975308643 330.0617283950617
188.1851851851852 175.01234567901236
187.58024691358025 187.35802469135803
184.53086419753086 184.0493827160494
108.0246913580247 104.9753086419753
104.32098765432099 107.90123456790124
108.0 103.11111111111111
190.679012345679 195.79012345679013
189.44444444444446 187.88888888888889
194.5679012345679 188.4814814814815
60.51851851851852 58.851851851851855
54.03703703703704 59.95061728395062
60.27160493827161 61.0
190.3827160493827 193.8395061728395
188.97530864197532 186.34567901234567
197.80246913580248 195.20987654320987
205.02469135802468 210.34567901234567
208.23456790123456 205.8395061728395
201.5185185185185 203.53086419753086
13.209876543209877 14.0
13.049382716049383 12.666666666666666
12.395061728395062 11.419753086419753
51.49382716049383 50.45679012345679
50.25925925925926 46.39506172839506
50.75308641975309 47.111111111111114
258.0617283950617 257.7037037037037
253.76543209876544 250.8641975308642
251.20987654320987 242.92592592592592
325.8395061728395 343.5432098765432
318.5432098765432 341.6666666666667
317.8395061728395 332.4567901234568
317.1975308641975 345.8395061728395
307.679012345679 347.320987654321
313.0617283950617 353.8641975308642
312.1604938271605 356.87654320987656
322.75308641975306 346.4567901234568
333.6666666666667 347.24691358024694
41.0 38.71604938271605
37.0 37.358024691358025
39.135802469135804 39.72839506172839
120.87654320987654 115.55555555555556
115.91358024691358 118.0
118.62962962962963 115.35802469135803
184.82716049382717 182.4320987654321
181.76543209876544 175.4814814814815
192.2469135802469 181.87654320987653
81.64197530864197 78.51851851851852
78.07407407407408 80.90123456790124
77.0 78.5679012345679
118.24691358024691 116.75308641975309
115.22222222222223 116.8395061728395
118.62962962962963 115.19753086419753
64.69135802469135 64.0
62.01234567901235 66.0
63.370370370370374 61.617283950617285
