337 337 337 337 337 337 337 337 337 337 337 337 337 337 337 337 337 337 337 337 337 337 337 337 337 337 337 337 337 337 337 337 337 337 337 337 337 337 337 337 337 337 337 337 337 337 337 337 337 337 337 337 337 337 337 337 337 337 337 337 337 337 337 337 337 337 337 337 337 337 337 337 337 337 337 337 337 337 337 337 337 337 337 337 337 337 337 337 337 337 337 337 337 337 337 337 337 337 337 337 337
410 410 410 410 410 410 410 410 410 410 410 410 410 410 410 410 410 410 410 410 410 410 410 410 410 410 410 410 410 410 410 410 410 410 410 410 410 410 410 410 410 410 410 410 410 410 410 410 410 410 410 410 410 410 410 410 410 410 410 410 410 410 410 410 410 410 410 410 410 410 410 410 410 410 410 410 410 410 410 410 410 410 410 410 410 410 410 410 410 410 410 410 410 410 410 410 410 410 410 410 410
256 256 256 256 256 256 256 256 256 256 256 256 256 256 256 256 256 256 256 256 256 256 256 256 256 256 256 256 256 256 256 256 256 256 256 256 256 256 256 256 256 256 256 256 256 256 256 256 256 256 256 256 256 256 256 256 256 256 256 256 256 256 256 256 256 256 256 256 256 256 256 256 256 256 256 256 256 256 256 256 256 256 256 256 256 256 256 256 256 256 256 256 256 256 256 256 256 256 256 256 256
213 213 213 213 213 213 213 213 213 213 213 213 213 213 213 213 213 213 213 213 213 213 213 213 213 213 213 213 213 213 213 213 213 213 213 213 213 213 213 213 213 213 213 213 213 213 213 213 213 213 213 213 213 213 213 213 213 213 213 213 213 213 213 213 213 213 213 213 213 213 213 213 213 213 213 213 213 213 213 213 213 213 213 213 213 213 213 213 213 213 213 213 213 213 213 213 213 213 213 213 213
239 239 239 239 239 239 239 239 239 239 239 239 239 239 239 239 239 239 239 239 239 239 239 239 239 239 239 239 239 239 239 239 239 239 239 239 239 239 239 239 239 239 239 239 239 239 239 239 239 239 239 239 239 239 239 239 239 239 239 239 239 239 239 239 239 239 239 239 239 239 239 239 239 239 239 239 239 239 239 239 239 239 239 239 239 239 239 239 239 239 239 239 239 239 239 239 239 239 239 239 239
208 208 208 208 208 208 208 208 208 208 208 208 208 208 208 208 208 208 208 208 208 208 208 208 208 208 208 208 208 208 208 208 208 208 208 208 208 208 208 208 208 208 208 208 208 208 208 208 208 208 208 208 208 208 208 208 208 208 208 208 208 208 208 208 208 208 208 208 208 208 208 208 208 208 208 208 208 208 208 208 208 208 208 208 208 208 208 208 208 208 208 208 208 208 208 208 208 208 208 208 208
232 232 232 232 232 232 232 232 232 232 232 232 232 232 232 232 232 232 232 232 232 232 232 232 232 232 232 232 232 232 232 232 232 232 232 232 232 232 232 232 232 232 232 232 232 232 232 232 232 232 232 232 232 232 232 232 232 232 232 232 232 232 232 232 232 232 232 232 232 232 232 232 232 232 232 232 232 232 232 232 232 232 232 232 232 232 232 232 232 232 232 232 232 232 232 232 232 232 232 232 232
484 484 484 484 484 484 484 484 484 484 484 484 484 484 484 484 484 484 484 484 484 484 484 484 484 484 484 484 484 484 484 484 484 484 484 484 484 484 484 484 484 484 484 484 484 484 484 484 484 484 484 484 484 484 484 484 484 484 484 484 484 484 484 484 484 484 484 484 484 484 484 484 484 484 484 484 484 484 484 484 484 484 484 484 484 484 484 484 484 484 484 484 484 484 484 484 484 484 484 484 484
508 508 508 508 508 508 508 508 508 508 508 508 508 508 508 508 508 508 508 508 508 508 508 508 508 508 508 508 508 508 508 508 508 508 508 508 508 508 508 508 508 508 508 508 508 508 508 508 508 508 508 508 508 508 508 508 508 508 508 508 508 508 508 508 508 508 508 508 508 508 508 508 508 508 508 508 508 508 508 508 508 508 508 508 508 508 508 508 508 508 508 508 508 508 508 508 508 508 508 508 508
383 383 383 383 383 383 383 383 383 383 383 383 383 383 383 383 383 383 383 383 383 383 383 383 383 383 383 383 383 383 383 383 383 383 383 383 383 383 383 383 383 383 383 383 383 383 383 383 383 383 383 383 383 383 383 383 383 383 383 383 383 383 383 383 383 383 383 383 383 383 383 383 383 383 383 383 383 383 383 383 383 383 383 383 383 383 383 383 383 383 383 383 383 383 383 383 383 383 383 383 383
370 370 370 370 370 370 370 370 370 370 370 370 370 370 370 370 370 370 370 370 370 370 370 370 370 370 370 370 370 370 370 370 370 370 370 370 370 370 370 370 370 370 370 370 370 370 370 370 370 370 370 370 370 370 370 370 370 370 370 370 370 370 370 370 370 370 370 370 370 370 370 370 370 370 370 370 370 370 370 370 370 370 370 370 370 370 370 370 370 370 370 370 370 370 370 370 370 370 370 370 370
382 382 382 382 382 382 382 382 382 382 382 382 382 382 382 382 382 382 382 382 382 382 382 382 382 382 382 382 382 382 382 382 382 382 382 382 382 382 382 382 382 382 382 382 382 382 382 382 382 382 382 382 382 382 382 382 382 382 382 382 382 382 382 382 382 382 382 382 382 382 382 382 382 382 382 382 382 382 382 382 382 382 382 382 382 382 382 382 382 382 382 382 382 382 382 382 382 382 382 382 382
570 570 570 570 570 570 570 570 570 570 570 570 570 570 570 570 570 570 570 570 570 570 570 570 570 570 570 570 570 570 570 570 570 570 570 570 570 570 570 570 570 570 570 570 570 570 570 570 570 570 570 570 570 570 570 570 570 570 570 570 570 570 570 570 570 570 570 570 570 570 570 570 570 570 570 570 570 570 570 570 570 570 570 570 570 570 570 570 570 570 570 570 570 570 570 570 570 570 570 570 570
460 460 460 460 460 460 460 460 460 460 460 460 460 460 460 460 460 460 460 460 460 460 460 460 460 460 460 460 460 460 460 460 460 460 460 460 460 460 460 460 460 460 460 460 460 460 460 460 460 460 460 460 460 460 460 460 460 460 460 460 460 460 460 460 460 460 460 460 460 460 460 460 460 460 460 460 460 460 460 460 460 460 460 460 460 460 460 460 460 460 460 460 460 460 460 460 460 460 460 460 460
524 524 524 524 524 524 524 524 524 524 524 524 524 524 524 524 524 524 524 524 524 524 524 524 524 524 524 524 524 524 524 524 524 524 524 524 524 524 524 524 524 524 524 524 524 524 524 524 524 524 524 524 524 524 524 524 524 524 524 524 524 524 524 524 524 524 524 524 524 524 524 524 524 524 524 524 524 524 524 524 524 524 524 524 524 524 524 524 524 524 524 524 524 524 524 524 524 524 524 524 524
501 501 501 501 501 501 501 501 501 501 501 501 501 501 501 501 501 501 501 501 501 501 501 501 501 501 501 501 501 501 501 501 501 501 501 501 501 501 501 501 501 501 501 501 501 501 501 501 501 501 501 501 501 501 501 501 501 501 501 501 501 501 501 501 501 501 501 501 501 501 501 501 501 501 501 501 501 501 501 501 501 501 501 501 501 501 501 501 501 501 501 501 501 501 501 501 501 501 501 501 501
217 217 217 217 217 217 217 217 217 217 217 217 217 217 217 217 217 217 217 217 217 217 217 217 217 217 217 217 217 217 217 217 217 217 217 217 217 217 217 217 217 217 217 217 217 217 217 217 217 217 217 217 217 217 217 217 217 217 217 217 217 217 217 217 217 217 217 217 217 217 217 217 217 217 217 217 217 217 217 217 217 217 217 217 217 217 217 217 217 217 217 217 217 217 217 217 217 217 217 217 217
409 409 409 409 409 409 409 409 409 409 409 409 409 409 409 409 409 409 409 409 409 409 409 409 409 409 409 409 409 409 409 409 409 409 409 409 409 409 409 409 409 409 409 409 409 409 409 409 409 409 409 409 409 409 409 409 409 409 409 409 409 409 409 409 409 409 409 409 409 409 409 409 409 409 409 409 409 409 409 409 409 409 409 409 409 409 409 409 409 409 409 409 409 409 409 409 409 409 409 409 409
172 172 172 172 172 172 172 172 172 172 172 172 172 172 172 172 172 172 172 172 172 172 172 172 172 172 172 172 172 172 172 172 172 172 172 172 172 172 172 172 172 172 172 172 172 172 172 172 172 172 172 172 172 172 172 172 172 172 172 172 172 172 172 172 172 172 172 172 172 172 172 172 172 172 172 172 172 172 172 172 172 172 172 172 172 172 172 172 172 172 172 172 172 172 172 172 172 172 172 172 172
296 296 296 296 296 296 296 296 296 296 296 296 296 296 296 296 296 296 296 296 296 296 296 296 296 296 296 296 296 296 296 296 296 296 296 296 296 296 296 296 296 296 296 296 296 296 296 296 296 296 296 296 296 296 296 296 296 296 296 296 296 296 296 296 296 296 296 296 296 296 296 296 296 296 296 296 296 296 296 296 296 296 296 296 296 296 296 296 296 296 296 296 296 296 296 296 296 296 296 296 296
102 102 102 102 102 102 102 102 102 102 102 102 102 102 102 102 102 102 102 102 102 102 102 102 102 102 102 102 102 102 102 102 102 102 102 102 102 102 102 102 102 102 102 102 102 102 102 102 102 102 102 102 102 102 102 102 102 102 102 102 102 102 102 102 102 102 102 102 102 102 102 102 102 102 102 102 102 102 102 102 102 102 102 102 102 102 102 102 102 102 102 102 102 102 102 102 102 102 102 102 102
173 173 173 173 173 173 173 173 173 173 173 173 173 173 173 173 173 173 173 173 173 173 173 173 173 173 173 173 173 173 173 173 173 173 173 173 173 173 173 173 173 173 173 173 173 173 173 173 173 173 173 173 173 173 173 173 173 173 173 173 173 173 173 173 173 173 173 173 173 173 173 173 173 173 173 173 173 173 173 173 173 173 173 173 173 173 173 173 173 173 173 173 173 173 173 173 173 173 173 173 173
634 634 634 634 634 634 634 634 634 634 634 634 634 634 634 634 634 634 634 634 634 634 634 634 634 634 634 634 634 634 634 634 634 634 634 634 634 634 634 634 634 634 634 634 634 634 634 634 634 634 634 634 634 634 634 634 634 634 634 634 634 634 634 634 634 634 634 634 634 634 634 634 634 634 634 634 634 634 634 634 634 634 634 634 634 634 634 634 634 634 634 634 634 634 634 634 634 634 634 634 634
159 159 159 159 159 159 159 159 159 159 159 159 159 159 159 159 159 159 159 159 159 159 159 159 159 159 159 159 159 159 159 159 159 159 159 159 159 159 159 159 159 159 159 159 159 159 159 159 159 159 159 159 159 159 159 159 159 159 159 159 159 159 159 159 159 159 159 159 159 159 159 159 159 159 159 159 159 159 159 159 159 159 159 159 159 159 159 159 159 159 159 159 159 159 159 159 159 159 159 159 159
628 628 628 628 628 628 628 628 628 628 628 628 628 628 628 628 628 628 628 628 628 628 628 628 628 628 628 628 628 628 628 628 628 628 628 628 628 628 628 628 628 628 628 628 628 628 628 628 628 628 628 628 628 628 628 628 628 628 628 628 628 628 628 628 628 628 628 628 628 628 628 628 628 628 628 628 628 628 628 628 628 628 628 628 628 628 628 628 628 628 628 628 628 628 628 628 628 628 628 628 628
423 423 423 423 423 423 423 423 423 423 423 423 423 423 423 423 423 423 423 423 423 423 423 423 423 423 423 423 423 423 423 423 423 423 423 423 423 423 423 423 423 423 423 423 423 423 423 423 423 423 423 423 423 423 423 423 423 423 423 423 423 423 423 423 423 423 423 423 423 423 423 423 423 423 423 423 423 423 423 423 423 423 423 423 423 423 423 423 423 423 423 423 423 423 423 423 423 423 423 423 423
31 31 31 31 31 31 31 31 31 31 31 31 31 31 31 31 31 31 31 31 31 31 31 31 31 31 31 31 31 31 31 31 31 31 31 31 31 31 31 31 31 31 31 31 31 31 31 31 31 31 31 31 31 31 31 31 31 31 31 31 31 31 31 31 31 31 31 31 31 31 31 31 31 31 31 31 31 31 31 31 31 31 31 31 31 31 31 31 31 31 31 31 31 31 31 31 31 31 31 31 31
253 253 253 253 253 253 253 253 253 253 253 253 253 253 253 253 253 253 253 253 253 253 253 253 253 253 253 253 253 253 253 253 253 253 253 253 253 253 253 253 253 253 253 253 253 253 253 253 253 253 253 253 253 253 253 253 253 253 253 253 253 253 253 253 253 253 253 253 253 253 253 253 253 253 253 253 253 253 253 253 253 253 253 253 253 253 253 253 253 253 253 253 253 253 253 253 253 253 253 253 253
281 281 281 281 281 281 281 281 281 281 281 281 281 281 281 281 281 281 281 281 281 281 281 281 281 281 281 281 281 281 281 281 281 281 281 281 281 281 281 281 281 281 281 281 281 281 281 281 281 281 281 281 281 281 281 281 281 281 281 281 281 281 281 281 281 281 281 281 281 281 281 281 281 281 281 281 281 281 281 281 281 281 281 281 281 281 281 281 281 281 281 281 281 281 281 281 281 281 281 281 281
334 334 334 334 334 334 334 334 334 334 334 334 334 334 334 334 334 334 334 334 334 334 334 334 334 334 334 334 334 334 334 334 334 334 334 334 334 334 334 334 334 334 334 334 334 334 334 334 334 334 334 334 334 334 334 334 334 334 334 334 334 334 334 334 334 334 334 334 334 334 334 334 334 334 334 334 334 334 334 334 334 334 334 334 334 334 334 334 334 334 334 334 334 334 334 334 334 334 334 334 334
547 547 547 547 547 547 547 547 547 547 547 547 547 547 547 547 547 547 547 547 547 547 547 547 547 547 547 547 547 547 547 547 547 547 547 547 547 547 547 547 547 547 547 547 547 547 547 547 547 547 547 547 547 547 547 547 547 547 547 547 547 547 547 547 547 547 547 547 547 547 547 547 547 547 547 547 547 547 547 547 547 547 547 547 547 547 547 547 547 547 547 547 547 547 547 547 547 547 547 547 547
548 548 548 548 548 548 548 548 548 548 548 548 548 548 548 548 548 548 548 548 548 548 548 548 548 548 548 548 548 548 548 548 548 548 548 548 548 548 548 548 548 548 548 548 548 548 548 548 548 548 548 548 548 548 548 548 548 548 548 548 548 548 548 548 548 548 548 548 548 548 548 548 548 548 548 548 548 548 548 548 548 548 548 548 548 548 548 548 548 548 548 548 548 548 548 548 548 548 548 548 548
631 631 631 631 631 631 631 631 631 631 631 631 631 631 631 631 631 631 631 631 631 631 631 631 631 631 631 631 631 631 631 631 631 631 631 631 631 631 631 631 631 631 631 631 631 631 631 631 631 631 631 631 631 631 631 631 631 631 631 631 631 631 631 631 631 631 631 631 631 631 631 631 631 631 631 631 631 631 631 631 631 631 631 631 631 631 631 631 631 631 631 631 631 631 631 631 631 631 631 631 631
449 449 449 449 449 449 449 449 449 449 449 449 449 449 449 449 449 449 449 449 449 449 449 449 449 449 449 449 449 449 449 449 449 449 449 449 449 449 449 449 449 449 449 449 449 449 449 449 449 449 449 449 449 449 449 449 449 449 449 449 449 449 449 449 449 449 449 449 449 449 449 449 449 449 449 449 449 449 449 449 449 449 449 449 449 449 449 449 449 449 449 449 449 449 449 449 449 449 449 449 449
90 90 90 90 90 90 90 90 90 90 90 90 90 90 90 90 90 90 90 90 90 90 90 90 90 90 90 90 90 90 90 90 90 90 90 90 90 90 90 90 90 90 90 90 90 90 90 90 90 90 90 90 90 90 90 90 90 90 90 90 90 90 90 90 90 90 90 90 90 90 90 90 90 90 90 90 90 90 90 90 90 90 90 90 90 90 90 90 90 90 90 90 90 90 90 90 90 90 90 90 90
202 202 202 202 202 202 202 202 202 202 202 202 202 202 202 202 202 202 202 202 202 202 202 202 202 202 202 202 202 202 202 202 202 202 202 202 202 202 202 202 202 202 202 202 202 202 202 202 202 202 202 202 202 202 202 202 202 202 202 202 202 202 202 202 202 202 202 202 202 202 202 202 202 202 202 202 202 202 202 202 202 202 202 202 202 202 202 202 202 202 202 202 202 202 202 202 202 202 202 202 202
648 648 648 648 648 648 648 648 648 648 648 648 648 648 648 648 648 648 648 648 648 648 648 648 648 648 648 648 648 648 648 648 648 648 648 648 648 648 648 648 648 648 648 648 648 648 648 648 648 648 648 648 648 648 648 648 648 648 648 648 648 648 648 648 648 648 648 648 648 648 648 648 648 648 648 648 648 648 648 648 648 648 648 648 648 648 648 648 648 648 648 648 648 648 648 648 648 648 648 648 648
420 420 420 420 420 420 420 420 420 420 420 420 420 420 420 420 420 420 420 420 420 420 420 420 420 420 420 420 420 420 420 420 420 420 420 420 420 420 420 420 420 420 420 420 420 420 420 420 420 420 420 420 420 420 420 420 420 420 420 420 420 420 420 420 420 420 420 420 420 420 420 420 420 420 420 420 420 420 420 420 420 420 420 420 420 420 420 420 420 420 420 420 420 420 420 420 420 420 420 420 420
86 86 86 86 86 86 86 86 86 86 86 86 86 86 86 86 86 86 86 86 86 86 86 86 86 86 86 86 86 86 86 86 86 86 86 86 86 86 86 86 86 86 86 86 86 86 86 86 86 86 86 86 86 86 86 86 86 86 86 86 86 86 86 86 86 86 86 86 86 86 86 86 86 86 86 86 86 86 86 86 86 86 86 86 86 86 86 86 86 86 86 86 86 86 86 86 86 86 86 86 86
198 198 198 198 198 198 198 198 198 198 198 198 198 198 198 198 198 198 198 198 198 198 198 198 198 198 198 198 198 198 198 198 198 198 198 198 198 198 198 198 198 198 198 198 198 198 198 198 198 198 198 198 198 198 198 198 198 198 198 198 198 198 198 198 198 198 198 198 198 198 198 198 198 198 198 198 198 198 198 198 198 198 198 198 198 198 198 198 198 198 198 198 198 198 198 198 198 198 198 198 198
61 61 61 61 61 61 61 61 61 61 61 61 61 61 61 61 61 61 61 61 61 61 61 61 61 61 61 61 61 61 61 61 61 61 61 61 61 61 61 61 61 61 61 61 61 61 61 61 61 61 61 61 61 61 61 61 61 61 61 61 61 61 61 61 61 61 61 61 61 61 61 61 61 61 61 61 61 61 61 61 61 61 61 61 61 61 61 61 61 61 61 61 61 61 61 61 61 61 61 61 61
358 358 358 358 358 358 358 358 358 358 358 358 358 358 358 358 358 358 358 358 358 358 358 358 358 358 358 358 358 358 358 358 358 358 358 358 358 358 358 358 358 358 358 358 358 358 358 358 358 358 358 358 358 358 358 358 358 358 358 358 358 358 358 358 358 358 358 358 358 358 358 358 358 358 358 358 358 358 358 358 358 358 358 358 358 358 358 358 358 358 358 358 358 358 358 358 358 358 358 358 358
55 55 55 55 55 55 55 55 55 55 55 55 55 55 55 55 55 55 55 55 55 55 55 55 55 55 55 55 55 55 55 55 55 55 55 55 55 55 55 55 55 55 55 55 55 55 55 55 55 55 55 55 55 55 55 55 55 55 55 55 55 55 55 55 55 55 55 55 55 55 55 55 55 55 55 55 55 55 55 55 55 55 55 55 55 55 55 55 55 55 55 55 55 55 55 55 55 55 55 55 55
79 79 79 79 79 79 79 79 79 79 79 79 79 79 79 79 79 79 79 79 79 79 79 79 79 79 79 79 79 79 79 79 79 79 79 79 79 79 79 79 79 79 79 79 79 79 79 79 79 79 79 79 79 79 79 79 79 79 79 79 79 79 79 79 79 79 79 79 79 79 79 79 79 79 79 79 79 79 79 79 79 79 79 79 79 79 79 79 79 79 79 79 79 79 79 79 79 79 79 79 79
623 623 623 623 623 623 623 623 623 623 623 623 623 623 623 623 623 623 623 623 623 623 623 623 623 623 623 623 623 623 623 623 623 623 623 623 623 623 623 623 623 623 623 623 623 623 623 623 623 623 623 623 623 623 623 623 623 623 623 623 623 623 623 623 623 623 623 623 623 623 623 623 623 623 623 623 623 623 623 623 623 623 623 623 623 623 623 623 623 623 623 623 623 623 623 623 623 623 623 623 623
570 570 570 570 570 570 570 570 570 570 570 570 570 570 570 570 570 570 570 570 570 570 570 570 570 570 570 570 570 570 570 570 570 570 570 570 570 570 570 570 570 570 570 570 570 570 570 570 570 570 570 570 570 570 570 570 570 570 570 570 570 570 570 570 570 570 570 570 570 570 570 570 570 570 570 570 570 570 570 570 570 570 570 570 570 570 570 570 570 570 570 570 570 570 570 570 570 570 570 570 570
590 590 590 590 590 590 590 590 590 590 590 590 590 590 590 590 590 590 590 590 590 590 590 590 590 590 590 590 590 590 590 590 590 590 590 590 590 590 590 590 590 590 590 590 590 590 590 590 590 590 590 590 590 590 590 590 590 590 590 590 590 590 590 590 590 590 590 590 590 590 590 590 590 590 590 590 590 590 590 590 590 590 590 590 590 590 590 590 590 590 590 590 590 590 590 590 590 590 590 590 590
421 421 421 421 421 421 421 421 421 421 421 421 421 421 421 421 421 421 421 421 421 421 421 421 421 421 421 421 421 421 421 421 421 421 421 421 421 421 421 421 421 421 421 421 421 421 421 421 421 421 421 421 421 421 421 421 421 421 421 421 421 421 421 421 421 421 421 421 421 421 421 421 421 421 421 421 421 421 421 421 421 421 421 421 421 421 421 421 421 421 421 421 421 421 421 421 421 421 421 421 421
433 433 433 433 433 433 433 433 433 433 433 433 433 433 433 433 433 433 433 433 433 433 433 433 433 433 433 433 433 433 433 433 433 433 433 433 433 433 433 433 433 433 433 433 433 433 433 433 433 433 433 433 433 433 433 433 433 433 433 433 433 433 433 433 433 433 433 433 433 433 433 433 433 433 433 433 433 433 433 433 433 433 433 433 433 433 433 433 433 433 433 433 433 433 433 433 433 433 433 433 433
174 174 174 174 174 174 174 174 174 174 174 174 174 174 174 174 174 174 174 174 174 174 174 174 174 174 174 174 174 174 174 174 174 174 174 174 174 174 174 174 174 174 174 174 174 174 174 174 174 174 174 174 174 174 174 174 174 174 174 174 174 174 174 174 174 174 174 174 174 174 174 174 174 174 174 174 174 174 174 174 174 174 174 174 174 174 174 174 174 174 174 174 174 174 174 174 174 174 174 174 174
226 226 226 226 226 226 226 226 226 226 226 226 226 226 226 226 226 226 226 226 226 226 226 226 226 226 226 226 226 226 226 226 226 226 226 226 226 226 226 226 226 226 226 226 226 226 226 226 226 226 226 226 226 226 226 226 226 226 226 226 226 226 226 226 226 226 226 226 226 226 226 226 226 226 226 226 226 226 226 226 226 226 226 226 226 226 226 226 226 226 226 226 226 226 226 226 226 226 226 226 226
406 406 406 406 406 406 406 406 406 406 406 406 406 406 406 406 406 406 406 406 406 406 406 406 406 406 406 406 406 406 406 406 406 406 406 406 406 406 406 406 406 406 406 406 406 406 406 406 406 406 406 406 406 406 406 406 406 406 406 406 406 406 406 406 406 406 406 406 406 406 406 406 406 406 406 406 406 406 406 406 406 406 406 406 406 406 406 406 406 406 406 406 406 406 406 406 406 406 406 406 406
317 317 317 317 317 317 317 317 317 317 317 317 317 317 317 317 317 317 317 317 317 317 317 317 317 317 317 317 317 317 317 317 317 317 317 317 317 317 317 317 317 317 317 317 317 317 317 317 317 317 317 317 317 317 317 317 317 317 317 317 317 317 317 317 317 317 317 317 317 317 317 317 317 317 317 317 317 317 317 317 317 317 317 317 317 317 317 317 317 317 317 317 317 317 317 317 317 317 317 317 317
560 560 560 560 560 560 560 560 560 560 560 560 560 560 560 560 560 560 560 560 560 560 560 560 560 560 560 560 560 560 560 560 560 560 560 560 560 560 560 560 560 560 560 560 560 560 560 560 560 560 560 560 560 560 560 560 560 560 560 560 560 560 560 560 560 560 560 560 560 560 560 560 560 560 560 560 560 560 560 560 560 560 560 560 560 560 560 560 560 560 560 560 560 560 560 560 560 560 560 560 560
450 450 450 450 450 450 450 450 450 450 450 450 450 450 450 450 450 450 450 450 450 450 450 450 450 450 450 450 450 450 450 450 450 450 450 450 450 450 450 450 450 450 450 450 450 450 450 450 450 450 450 450 450 450 450 450 450 450 450 450 450 450 450 450 450 450 450 450 450 450 450 450 450 450 450 450 450 450 450 450 450 450 450 450 450 450 450 450 450 450 450 450 450 450 450 450 450 450 450 450 450
146 146 146 146 146 146 146 146 146 146 146 146 146 146 146 146 146 146 146 146 146 146 146 146 146 146 146 146 146 146 146 146 146 146 146 146 146 146 146 146 146 146 146 146 146 146 146 146 146 146 146 146 146 146 146 146 146 146 146 146 146 146 146 146 146 146 146 146 146 146 146 146 146 146 146 146 146 146 146 146 146 146 146 146 146 146 146 146 146 146 146 146 146 146 146 146 146 146 146 146 146
108 108 108 108 108 108 108 108 108 108 108 108 108 108 108 108 108 108 108 108 108 108 108 108 108 108 108 108 108 108 108 108 108 108 108 108 108 108 108 108 108 108 108 108 108 108 108 108 108 108 108 108 108 108 108 108 108 108 108 108 108 108 108 108 108 108 108 108 108 108 108 108 108 108 108 108 108 108 108 108 108 108 108 108 108 108 108 108 108 108 108 108 108 108 108 108 108 108 108 108 108
59 59 59 59 59 59 59 59 59 59 59 59 59 59 59 59 59 59 59 59 59 59 59 59 59 59 59 59 59 59 59 59 59 59 59 59 59 59 59 59 59 59 59 59 59 59 59 59 59 59 59 59 59 59 59 59 59 59 59 59 59 59 59 59 59 59 59 59 59 59 59 59 59 59 59 59 59 59 59 59 59 59 59 59 59 59 59 59 59 59 59 59 59 59 59 59 59 59 59 59 59
59 59 59 59 59 59 59 59 59 59 59 59 59 59 59 59 59 59 59 59 59 59 59 59 59 59 59 59 59 59 59 59 59 59 59 59 59 59 59 59 59 59 59 59 59 59 59 59 59 59 59 59 59 59 59 59 59 59 59 59 59 59 59 59 59 59 59 59 59 59 59 59 59 59 59 59 59 59 59 59 59 59 59 59 59 59 59 59 59 59 59 59 59 59 59 59 59 59 59 59 59
417 417 417 417 417 417 417 417 417 417 417 417 417 417 417 417 417 417 417 417 417 417 417 417 417 417 417 417 417 417 417 417 417 417 417 417 417 417 417 417 417 417 417 417 417 417 417 417 417 417 417 417 417 417 417 417 417 417 417 417 417 417 417 417 417 417 417 417 417 417 417 417 417 417 417 417 417 417 417 417 417 417 417 417 417 417 417 417 417 417 417 417 417 417 417 417 417 417 417 417 417
61 61 61 61 61 61 61 61 61 61 61 61 61 61 61 61 61 61 61 61 61 61 61 61 61 61 61 61 61 61 61 61 61 61 61 61 61 61 61 61 61 61 61 61 61 61 61 61 61 61 61 61 61 61 61 61 61 61 61 61 61 61 61 61 61 61 61 61 61 61 61 61 61 61 61 61 61 61 61 61 61 61 61 61 61 61 61 61 61 61 61 61 61 61 61 61 61 61 61 61 61
167 167 167 167 167 167 167 167 167 167 167 167 167 167 167 167 167 167 167 167 167 167 167 167 167 167 167 167 167 167 167 167 167 167 167 167 167 167 167 167 167 167 167 167 167 167 167 167 167 167 167 167 167 167 167 167 167 167 167 167 167 167 167 167 167 167 167 167 167 167 167 167 167 167 167 167 167 167 167 167 167 167 167 167 167 167 167 167 167 167 167 167 167 167 167 167 167 167 167 167 167
346 346 346 346 346 346 346 346 346 346 346 346 346 346 346 346 346 346 346 346 346 346 346 346 346 346 346 346 346 346 346 346 346 346 346 346 346 346 346 346 346 346 346 346 346 346 346 346 346 346 346 346 346 346 346 346 346 346 346 346 346 346 346 346 346 346 346 346 346 346 346 346 346 346 346 346 346 346 346 346 346 346 346 346 346 346 346 346 346 346 346 346 346 346 346 346 346 346 346 346 346
406 406 406 406 406 406 406 406 406 406 406 406 406 406 406 406 406 406 406 406 406 406 406 406 406 406 406 406 406 406 406 406 406 406 406 406 406 406 406 406 406 406 406 406 406 406 406 406 406 406 406 406 406 406 406 406 406 406 406 406 406 406 406 406 406 406 406 406 406 406 406 406 406 406 406 406 406 406 406 406 406 406 406 406 406 406 406 406 406 406 406 406 406 406 406 406 406 406 406 406 406
627 627 627 627 627 627 627 627 627 627 627 627 627 627 627 627 627 627 627 627 627 627 627 627 627 627 627 627 627 627 627 627 627 627 627 627 627 627 627 627 627 627 627 627 627 627 627 627 627 627 627 627 627 627 627 627 627 627 627 627 627 627 627 627 627 627 627 627 627 627 627 627 627 627 627 627 627 627 627 627 627 627 627 627 627 627 627 627 627 627 627 627 627 627 627 627 627 627 627 627 627
327 327 327 327 327 327 327 327 327 327 327 327 327 327 327 327 327 327 327 327 327 327 327 327 327 327 327 327 327 327 327 327 327 327 327 327 327 327 327 327 327 327 327 327 327 327 327 327 327 327 327 327 327 327 327 327 327 327 327 327 327 327 327 327 327 327 327 327 327 327 327 327 327 327 327 327 327 327 327 327 327 327 327 327 327 327 327 327 327 327 327 327 327 327 327 327 327 327 327 327 327
374 374 374 374 374 374 374 374 374 374 374 374 374 374 374 374 374 374 374 374 374 374 374 374 374 374 374 374 374 374 374 374 374 374 374 374 374 374 374 374 374 374 374 374 374 374 374 374 374 374 374 374 374 374 374 374 374 374 374 374 374 374 374 374 374 374 374 374 374 374 374 374 374 374 374 374 374 374 374 374 374 374 374 374 374 374 374 374 374 374 374 374 374 374 374 374 374 374 374 374 374
483 483 483 483 483 483 483 483 483 483 483 483 483 483 483 483 483 483 483 483 483 483 483 483 483 483 483 483 483 483 483 483 483 483 483 483 483 483 483 483 483 483 483 483 483 483 483 483 483 483 483 483 483 483 483 483 483 483 483 483 483 483 483 483 483 483 483 483 483 483 483 483 483 483 483 483 483 483 483 483 483 483 483 483 483 483 483 483 483 483 483 483 483 483 483 483 483 483 483 483 483
559 559 559 559 559 559 559 559 559 559 559 559 559 559 559 559 559 559 559 559 559 559 559 559 559 559 559 559 559 559 559 559 559 559 559 559 559 559 559 559 559 559 559 559 559 559 559 559 559 559 559 559 559 559 559 559 559 559 559 559 559 559 559 559 559 559 559 559 559 559 559 559 559 559 559 559 559 559 559 559 559 559 559 559 559 559 559 559 559 559 559 559 559 559 559 559 559 559 559 559 559
493 493 493 493 493 493 493 493 493 493 493 493 493 493 493 493 493 493 493 493 493 493 493 493 493 493 493 493 493 493 493 493 493 493 493 493 493 493 493 493 493 493 493 493 493 493 493 493 493 493 493 493 493 493 493 493 493 493 493 493 493 493 493 493 493 493 493 493 493 493 493 493 493 493 493 493 493 493 493 493 493 493 493 493 493 493 493 493 493 493 493 493 493 493 493 493 493 493 493 493 493
197 197 197 197 197 197 197 197 197 197 197 197 197 197 197 197 197 197 197 197 197 197 197 197 197 197 197 197 197 197 197 197 197 197 197 197 197 197 197 197 197 197 197 197 197 197 197 197 197 197 197 197 197 197 197 197 197 197 197 197 197 197 197 197 197 197 197 197 197 197 197 197 197 197 197 197 197 197 197 197 197 197 197 197 197 197 197 197 197 197 197 197 197 197 197 197 197 197 197 197 197
105 105 105 105 105 105 105 105 105 105 105 105 105 105 105 105 105 105 105 105 105 105 105 105 105 105 105 105 105 105 105 105 105 105 105 105 105 105 105 105 105 105 105 105 105 105 105 105 105 105 105 105 105 105 105 105 105 105 105 105 105 105 105 105 105 105 105 105 105 105 105 105 105 105 105 105 105 105 105 105 105 105 105 105 105 105 105 105 105 105 105 105 105 105 105 105 105 105 105 105 105
421 421 421 421 421 421 421 421 421 421 421 421 421 421 421 421 421 421 421 421 421 421 421 421 421 421 421 421 421 421 421 421 421 421 421 421 421 421 421 421 421 421 421 421 421 421 421 421 421 421 421 421 421 421 421 421 421 421 421 421 421 421 421 421 421 421 421 421 421 421 421 421 421 421 421 421 421 421 421 421 421 421 421 421 421 421 421 421 421 421 421 421 421 421 421 421 421 421 421 421 421
416 416 416 416 416 416 416 416 416 416 416 416 416 416 416 416 416 416 416 416 416 416 416 416 416 416 416 416 416 416 416 416 416 416 416 416 416 416 416 416 416 416 416 416 416 416 416 416 416 416 416 416 416 416 416 416 416 416 416 416 416 416 416 416 416 416 416 416 416 416 416 416 416 416 416 416 416 416 416 416 416 416 416 416 416 416 416 416 416 416 416 416 416 416 416 416 416 416 416 416 416
220 220 220 220 220 220 220 220 220 220 220 220 220 220 220 220 220 220 220 220 220 220 220 220 220 220 220 220 220 220 220 220 220 220 220 220 220 220 220 220 220 220 220 220 220 220 220 220 220 220 220 220 220 220 220 220 220 220 220 220 220 220 220 220 220 220 220 220 220 220 220 220 220 220 220 220 220 220 220 220 220 220 220 220 220 220 220 220 220 220 220 220 220 220 220 220 220 220 220 220 220
154 154 154 154 154 154 154 154 154 154 154 154 154 154 154 154 154 154 154 154 154 154 154 154 154 154 154 154 154 154 154 154 154 154 154 154 154 154 154 154 154 154 154 154 154 154 154 154 154 154 154 154 154 154 154 154 154 154 154 154 154 154 154 154 154 154 154 154 154 154 154 154 154 154 154 154 154 154 154 154 154 154 154 154 154 154 154 154 154 154 154 154 154 154 154 154 154 154 154 154 154
484 484 484 484 484 484 484 484 484 484 484 484 484 484 484 484 484 484 484 484 484 484 484 484 484 484 484 484 484 484 484 484 484 484 484 484 484 484 484 484 484 484 484 484 484 484 484 484 484 484 484 484 484 484 484 484 484 484 484 484 484 484 484 484 484 484 484 484 484 484 484 484 484 484 484 484 484 484 484 484 484 484 484 484 484 484 484 484 484 484 484 484 484 484 484 484 484 484 484 484 484
409 409 409 409 409 409 409 409 409 409 409 409 409 409 409 409 409 409 409 409 409 409 409 409 409 409 409 409 409 409 409 409 409 409 409 409 409 409 409 409 409 409 409 409 409 409 409 409 409 409 409 409 409 409 409 409 409 409 409 409 409 409 409 409 409 409 409 409 409 409 409 409 409 409 409 409 409 409 409 409 409 409 409 409 409 409 409 409 409 409 409 409 409 409 409 409 409 409 409 409 409
39 39 39 39 39 39 39 39 39 39 39 39 39 39 39 39 39 39 39 39 39 39 39 39 39 39 39 39 39 39 39 39 39 39 39 39 39 39 39 39 39 39 39 39 39 39 39 39 39 39 39 39 39 39 39 39 39 39 39 39 39 39 39 39 39 39 39 39 39 39 39 39 39 39 39 39 39 39 39 39 39 39 39 39 39 39 39 39 39 39 39 39 39 39 39 39 39 39 39 39 39
284 284 284 284 284 284 284 284 284 284 284 284 284 284 284 284 284 284 284 284 284 284 284 284 284 284 284 284 284 284 284 284 284 284 284 284 284 284 284 284 284 284 284 284 284 284 284 284 284 284 284 284 284 284 284 284 284 284 284 284 284 284 284 284 284 284 284 284 284 284 284 284 284 284 284 284 284 284 284 284 284 284 284 284 284 284 284 284 284 284 284 284 284 284 284 284 284 284 284 284 284
112 112 112 112 112 112 112 112 112 112 112 112 112 112 112 112 112 112 112 112 112 112 112 112 112 112 112 112 112 112 112 112 112 112 112 112 112 112 112 112 112 112 112 112 112 112 112 112 112 112 112 112 112 112 112 112 112 112 112 112 112 112 112 112 112 112 112 112 112 112 112 112 112 112 112 112 112 112 112 112 112 112 112 112 112 112 112 112 112 112 112 112 112 112 112 112 112 112 112 112 112
489 489 489 489 489 489 489 489 489 489 489 489 489 489 489 489 489 489 489 489 489 489 489 489 489 489 489 489 489 489 489 489 489 489 489 489 489 489 489 489 489 489 489 489 489 489 489 489 489 489 489 489 489 489 489 489 489 489 489 489 489 489 489 489 489 489 489 489 489 489 489 489 489 489 489 489 489 489 489 489 489 489 489 489 489 489 489 489 489 489 489 489 489 489 489 489 489 489 489 489 489
604 604 604 604 604 604 604 604 604 604 604 604 604 604 604 604 604 604 604 604 604 604 604 604 604 604 604 604 604 604 604 604 604 604 604 604 604 604 604 604 604 604 604 604 604 604 604 604 604 604 604 604 604 604 604 604 604 604 604 604 604 604 604 604 604 604 604 604 604 604 604 604 604 604 604 604 604 604 604 604 604 604 604 604 604 604 604 604 604 604 604 604 604 604 604 604 604 604 604 604 604
222 222 222 222 222 222 222 222 222 222 222 222 222 222 222 222 222 222 222 222 222 222 222 222 222 222 222 222 222 222 222 222 222 222 222 222 222 222 222 222 222 222 222 222 222 222 222 222 222 222 222 222 222 222 222 222 222 222 222 222 222 222 222 222 222 222 222 222 222 222 222 222 222 222 222 222 222 222 222 222 222 222 222 222 222 222 222 222 222 222 222 222 222 222 222 222 222 222 222 222 222
519 519 519 519 519 519 519 519 519 519 519 519 519 519 519 519 519 519 519 519 519 519 519 519 519 519 519 519 519 519 519 519 519 519 519 519 519 519 519 519 519 519 519 519 519 519 519 519 519 519 519 519 519 519 519 519 519 519 519 519 519 519 519 519 519 519 519 519 519 519 519 519 519 519 519 519 519 519 519 519 519 519 519 519 519 519 519 519 519 519 519 519 519 519 519 519 519 519 519 519 519
537 537 537 537 537 537 537 537 537 537 537 537 537 537 537 537 537 537 537 537 537 537 537 537 537 537 537 537 537 537 537 537 537 537 537 537 537 537 537 537 537 537 537 537 537 537 537 537 537 537 537 537 537 537 537 537 537 537 537 537 537 537 537 537 537 537 537 537 537 537 537 537 537 537 537 537 537 537 537 537 537 537 537 537 537 537 537 537 537 537 537 537 537 537 537 537 537 537 537 537 537
191 191 191 191 191 191 191 191 191 191 191 191 191 191 191 191 191 191 191 191 191 191 191 191 191 191 191 191 191 191 191 191 191 191 191 191 191 191 191 191 191 191 191 191 191 191 191 191 191 191 191 191 191 191 191 191 191 191 191 191 191 191 191 191 191 191 191 191 191 191 191 191 191 191 191 191 191 191 191 191 191 191 191 191 191 191 191 191 191 191 191 191 191 191 191 191 191 191 191 191 191
461 461 461 461 461 461 461 461 461 461 461 461 461 461 461 461 461 461 461 461 461 461 461 461 461 461 461 461 461 461 461 461 461 461 461 461 461 461 461 461 461 461 461 461 461 461 461 461 461 461 461 461 461 461 461 461 461 461 461 461 461 461 461 461 461 461 461 461 461 461 461 461 461 461 461 461 461 461 461 461 461 461 461 461 461 461 461 461 461 461 461 461 461 461 461 461 461 461 461 461 461
473 473 473 473 473 473 473 473 473 473 473 473 473 473 473 473 473 473 473 473 473 473 473 473 473 473 473 473 473 473 473 473 473 473 473 473 473 473 473 473 473 473 473 473 473 473 473 473 473 473 473 473 473 473 473 473 473 473 473 473 473 473 473 473 473 473 473 473 473 473 473 473 473 473 473 473 473 473 473 473 473 473 473 473 473 473 473 473 473 473 473 473 473 473 473 473 473 473 473 473 473
78 78 78 78 78 78 78 78 78 78 78 78 78 78 78 78 78 78 78 78 78 78 78 78 78 78 78 78 78 78 78 78 78 78 78 78 78 78 78 78 78 78 78 78 78 78 78 78 78 78 78 78 78 78 78 78 78 78 78 78 78 78 78 78 78 78 78 78 78 78 78 78 78 78 78 78 78 78 78 78 78 78 78 78 78 78 78 78 78 78 78 78 78 78 78 78 78 78 78 78 78
218 218 218 218 218 218 218 218 218 218 218 218 218 218 218 218 218 218 218 218 218 218 218 218 218 218 218 218 218 218 218 218 218 218 218 218 218 218 218 218 218 218 218 218 218 218 218 218 218 218 218 218 218 218 218 218 218 218 218 218 218 218 218 218 218 218 218 218 218 218 218 218 218 218 218 218 218 218 218 218 218 218 218 218 218 218 218 218 218 218 218 218 218 218 218 218 218 218 218 218 218
635 635 635 635 635 635 635 635 635 635 635 635 635 635 635 635 635 635 635 635 635 635 635 635 635 635 635 635 635 635 635 635 635 635 635 635 635 635 635 635 635 635 635 635 635 635 635 635 635 635 635 635 635 635 635 635 635 635 635 635 635 635 635 635 635 635 635 635 635 635 635 635 635 635 635 635 635 635 635 635 635 635 635 635 635 635 635 635 635 635 635 635 635 635 635 635 635 635 635 635 635
624 624 624 624 624 624 624 624 624 624 624 624 624 624 624 624 624 624 624 624 624 624 624 624 624 624 624 624 624 624 624 624 624 624 624 624 624 624 624 624 624 624 624 624 624 624 624 624 624 624 624 624 624 624 624 624 624 624 624 624 624 624 624 624 624 624 624 624 624 624 624 624 624 624 624 624 624 624 624 624 624 624 624 624 624 624 624 624 624 624 624 624 624 624 624 624 624 624 624 624 624
48 48 48 48 48 48 48 48 48 48 48 48 48 48 48 48 48 48 48 48 48 48 48 48 48 48 48 48 48 48 48 48 48 48 48 48 48 48 48 48 48 48 48 48 48 48 48 48 48 48 48 48 48 48 48 48 48 48 48 48 48 48 48 48 48 48 48 48 48 48 48 48 48 48 48 48 48 48 48 48 48 48 48 48 48 48 48 48 48 48 48 48 48 48 48 48 48 48 48 48 48
391 391 391 391 391 391 391 391 391 391 391 391 391 391 391 391 391 391 391 391 391 391 391 391 391 391 391 391 391 391 391 391 391 391 391 391 391 391 391 391 391 391 391 391 391 391 391 391 391 391 391 391 391 391 391 391 391 391 391 391 391 391 391 391 391 391 391 391 391 391 391 391 391 391 391 391 391 391 391 391 391 391 391 391 391 391 391 391 391 391 391 391 391 391 391 391 391 391 391 391 391
38 38 38 38 38 38 38 38 38 38 38 38 38 38 38 38 38 38 38 38 38 38 38 38 38 38 38 38 38 38 38 38 38 38 38 38 38 38 38 38 38 38 38 38 38 38 38 38 38 38 38 38 38 38 38 38 38 38 38 38 38 38 38 38 38 38 38 38 38 38 38 38 38 38 38 38 38 38 38 38 38 38 38 38 38 38 38 38 38 38 38 38 38 38 38 38 38 38 38 38 38
563 563 563 563 563 563 563 563 563 563 563 563 563 563 563 563 563 563 563 563 563 563 563 563 563 563 563 563 563 563 563 563 563 563 563 563 563 563 563 563 563 563 563 563 563 563 563 563 563 563 563 563 563 563 563 563 563 563 563 563 563 563 563 563 563 563 563 563 563 563 563 563 563 563 563 563 563 563 563 563 563 563 563 563 563 563 563 563 563 563 563 563 563 563 563 563 563 563 563 563 563
246 246 246 246 246 246 246 246 246 246 246 246 246 246 246 246 246 246 246 246 246 246 246 246 246 246 246 246 246 246 246 246 246 246 246 246 246 246 246 246 246 246 246 246 246 246 246 246 246 246 246 246 246 246 246 246 246 246 246 246 246 246 246 246 246 246 246 246 246 246 246 246 246 246 246 246 246 246 246 246 246 246 246 246 246 246 246 246 246 246 246 246 246 246 246 246 246 246 246 246 246
552 552 552 552 552 552 552 552 552 552 552 552 552 552 552 552 552 552 552 552 552 552 552 552 552 552 552 552 552 552 552 552 552 552 552 552 552 552 552 552 552 552 552 552 552 552 552 552 552 552 552 552 552 552 552 552 552 552 552 552 552 552 552 552 552 552 552 552 552 552 552 552 552 552 552 552 552 552 552 552 552 552 552 552 552 552 552 552 552 552 552 552 552 552 552 552 552 552 552 552 552
246 246 246 246 246 246 246 246 246 246 246 246 246 246 246 246 246 246 246 246 246 246 246 246 246 246 246 246 246 246 246 246 246 246 246 246 246 246 246 246 246 246 246 246 246 246 246 246 246 246 246 246 246 246 246 246 246 246 246 246 246 246 246 246 246 246 246 246 246 246 246 246 246 246 246 246 246 246 246 246 246 246 246 246 246 246 246 246 246 246 246 246 246 246 246 246 246 246 246 246 246
396 396 396 396 396 396 396 396 396 396 396 396 396 396 396 396 396 396 396 396 396 396 396 396 396 396 396 396 396 396 396 396 396 396 396 396 396 396 396 396 396 396 396 396 396 396 396 396 396 396 396 396 396 396 396 396 396 396 396 396 396 396 396 396 396 396 396 396 396 396 396 396 396 396 396 396 396 396 396 396 396 396 396 396 396 396 396 396 396 396 396 396 396 396 396 396 396 396 396 396 396
593 593 593 593 593 593 593 593 593 593 593 593 593 593 593 593 593 593 593 593 593 593 593 593 593 593 593 593 593 593 593 593 593 593 593 593 593 593 593 593 593 593 593 593 593 593 593 593 593 593 593 593 593 593 593 593 593 593 593 593 593 593 593 593 593 593 593 593 593 593 593 593 593 593 593 593 593 593 593 593 593 593 593 593 593 593 593 593 593 593 593 593 593 593 593 593 593 593 593 593 593
573 573 573 573 573 573 573 573 573 573 573 573 573 573 573 573 573 573 573 573 573 573 573 573 573 573 573 573 573 573 573 573 573 573 573 573 573 573 573 573 573 573 573 573 573 573 573 573 573 573 573 573 573 573 573 573 573 573 573 573 573 573 573 573 573 573 573 573 573 573 573 573 573 573 573 573 573 573 573 573 573 573 573 573 573 573 573 573 573 573 573 573 573 573 573 573 573 573 573 573 573
524 524 524 524 524 524 524 524 524 524 524 524 524 524 524 524 524 524 524 524 524 524 524 524 524 524 524 524 524 524 524 524 524 524 524 524 524 524 524 524 524 524 524 524 524 524 524 524 524 524 524 524 524 524 524 524 524 524 524 524 524 524 524 524 524 524 524 524 524 524 524 524 524 524 524 524 524 524 524 524 524 524 524 524 524 524 524 524 524 524 524 524 524 524 524 524 524 524 524 524 524
491 491 491 491 491 491 491 491 491 491 491 491 491 491 491 491 491 491 491 491 491 491 491 491 491 491 491 491 491 491 491 491 491 491 491 491 491 491 491 491 491 491 491 491 491 491 491 491 491 491 491 491 491 491 491 491 491 491 491 491 491 491 491 491 491 491 491 491 491 491 491 491 491 491 491 491 491 491 491 491 491 491 491 491 491 491 491 491 491 491 491 491 491 491 491 491 491 491 491 491 491
329 329 329 329 329 329 329 329 329 329 329 329 329 329 329 329 329 329 329 329 329 329 329 329 329 329 329 329 329 329 329 329 329 329 329 329 329 329 329 329 329 329 329 329 329 329 329 329 329 329 329 329 329 329 329 329 329 329 329 329 329 329 329 329 329 329 329 329 329 329 329 329 329 329 329 329 329 329 329 329 329 329 329 329 329 329 329 329 329 329 329 329 329 329 329 329 329 329 329 329 329
479 479 479 479 479 479 479 479 479 479 479 479 479 479 479 479 479 479 479 479 479 479 479 479 479 479 479 479 479 479 479 479 479 479 479 479 479 479 479 479 479 479 479 479 479 479 479 479 479 479 479 479 479 479 479 479 479 479 479 479 479 479 479 479 479 479 479 479 479 479 479 479 479 479 479 479 479 479 479 479 479 479 479 479 479 479 479 479 479 479 479 479 479 479 479 479 479 479 479 479 479
41 41 41 41 41 41 41 41 41 41 41 41 41 41 41 41 41 41 41 41 41 41 41 41 41 41 41 41 41 41 41 41 41 41 41 41 41 41 41 41 41 41 41 41 41 41 41 41 41 41 41 41 41 41 41 41 41 41 41 41 41 41 41 41 41 41 41 41 41 41 41 41 41 41 41 41 41 41 41 41 41 41 41 41 41 41 41 41 41 41 41 41 41 41 41 41 41 41 41 41 41
488 488 488 488 488 488 488 488 488 488 488 488 488 488 488 488 488 488 488 488 488 488 488 488 488 488 488 488 488 488 488 488 488 488 488 488 488 488 488 488 488 488 488 488 488 488 488 488 488 488 488 488 488 488 488 488 488 488 488 488 488 488 488 488 488 488 488 488 488 488 488 488 488 488 488 488 488 488 488 488 488 488 488 488 488 488 488 488 488 488 488 488 488 488 488 488 488 488 488 488 488
498 498 498 498 498 498 498 498 498 498 498 498 498 498 498 498 498 498 498 498 498 498 498 498 498 498 498 498 498 498 498 498 498 498 498 498 498 498 498 498 498 498 498 498 498 498 498 498 498 498 498 498 498 498 498 498 498 498 498 498 498 498 498 498 498 498 498 498 498 498 498 498 498 498 498 498 498 498 498 498 498 498 498 498 498 498 498 498 498 498 498 498 498 498 498 498 498 498 498 498 498
197 197 197 197 197 197 197 197 197 197 197 197 197 197 197 197 197 197 197 197 197 197 197 197 197 197 197 197 197 197 197 197 197 197 197 197 197 197 197 197 197 197 197 197 197 197 197 197 197 197 197 197 197 197 197 197 197 197 197 197 197 197 197 197 197 197 197 197 197 197 197 197 197 197 197 197 197 197 197 197 197 197 197 197 197 197 197 197 197 197 197 197 197 197 197 197 197 197 197 197 197
83 83 83 83 83 83 83 83 83 83 83 83 83 83 83 83 83 83 83 83 83 83 83 83 83 83 83 83 83 83 83 83 83 83 83 83 83 83 83 83 83 83 83 83 83 83 83 83 83 83 83 83 83 83 83 83 83 83 83 83 83 83 83 83 83 83 83 83 83 83 83 83 83 83 83 83 83 83 83 83 83 83 83 83 83 83 83 83 83 83 83 83 83 83 83 83 83 83 83 83 83
389 389 389 389 389 389 389 389 389 389 389 389 389 389 389 389 389 389 389 389 389 389 389 389 389 389 389 389 389 389 389 389 389 389 389 389 389 389 389 389 389 389 389 389 389 389 389 389 389 389 389 389 389 389 389 389 389 389 389 389 389 389 389 389 389 389 389 389 389 389 389 389 389 389 389 389 389 389 389 389 389 389 389 389 389 389 389 389 389 389 389 389 389 389 389 389 389 389 389 389 389
202 202 202 202 202 202 202 202 202 202 202 202 202 202 202 202 202 202 202 202 202 202 202 202 202 202 202 202 202 202 202 202 202 202 202 202 202 202 202 202 202 202 202 202 202 202 202 202 202 202 202 202 202 202 202 202 202 202 202 202 202 202 202 202 202 202 202 202 202 202 202 202 202 202 202 202 202 202 202 202 202 202 202 202 202 202 202 202 202 202 202 202 202 202 202 202 202 202 202 202 202
577 577 577 577 577 577 577 577 577 577 577 577 577 577 577 577 577 577 577 577 577 577 577 577 577 577 577 577 577 577 577 577 577 577 577 577 577 577 577 577 577 577 577 577 577 577 577 577 577 577 577 577 577 577 577 577 577 577 577 577 577 577 577 577 577 577 577 577 577 577 577 577 577 577 577 577 577 577 577 577 577 577 577 577 577 577 577 577 577 577 577 577 577 577 577 577 577 577 577 577 577
72 72 72 72 72 72 72 72 72 72 72 72 72 72 72 72 72 72 72 72 72 72 72 72 72 72 72 72 72 72 72 72 72 72 72 72 72 72 72 72 72 72 72 72 72 72 72 72 72 72 72 72 72 72 72 72 72 72 72 72 72 72 72 72 72 72 72 72 72 72 72 72 72 72 72 72 72 72 72 72 72 72 72 72 72 72 72 72 72 72 72 72 72 72 72 72 72 72 72 72 72
340 340 340 340 340 340 340 340 340 340 340 340 340 340 340 340 340 340 340 340 340 340 340 340 340 340 340 340 340 340 340 340 340 340 340 340 340 340 340 340 340 340 340 340 340 340 340 340 340 340 340 340 340 340 340 340 340 340 340 340 340 340 340 340 340 340 340 340 340 340 340 340 340 340 340 340 340 340 340 340 340 340 340 340 340 340 340 340 340 340 340 340 340 340 340 340 340 340 340 340 340
30 30 30 30 30 30 30 30 30 30 30 30 30 30 30 30 30 30 30 30 30 30 30 30 30 30 30 30 30 30 30 30 30 30 30 30 30 30 30 30 30 30 30 30 30 30 30 30 30 30 30 30 30 30 30 30 30 30 30 30 30 30 30 30 30 30 30 30 30 30 30 30 30 30 30 30 30 30 30 30 30 30 30 30 30 30 30 30 30 30 30 30 30 30 30 30 30 30 30 30 30
338 338 338 338 338 338 338 338 338 338 338 338 338 338 338 338 338 338 338 338 338 338 338 338 338 338 338 338 338 338 338 338 338 338 338 338 338 338 338 338 338 338 338 338 338 338 338 338 338 338 338 338 338 338 338 338 338 338 338 338 338 338 338 338 338 338 338 338 338 338 338 338 338 338 338 338 338 338 338 338 338 338 338 338 338 338 338 338 338 338 338 338 338 338 338 338 338 338 338 338 338
365 365 365 365 365 365 365 365 365 365 365 365 365 365 365 365 365 365 365 365 365 365 365 365 365 365 365 365 365 365 365 365 365 365 365 365 365 365 365 365 365 365 365 365 365 365 365 365 365 365 365 365 365 365 365 365 365 365 365 365 365 365 365 365 365 365 365 365 365 365 365 365 365 365 365 365 365 365 365 365 365 365 365 365 365 365 365 365 365 365 365 365 365 365 365 365 365 365 365 365 365
65 65 65 65 65 65 65 65 65 65 65 65 65 65 65 65 65 65 65 65 65 65 65 65 65 65 65 65 65 65 65 65 65 65 65 65 65 65 65 65 65 65 65 65 65 65 65 65 65 65 65 65 65 65 65 65 65 65 65 65 65 65 65 65 65 65 65 65 65 65 65 65 65 65 65 65 65 65 65 65 65 65 65 65 65 65 65 65 65 65 65 65 65 65 65 65 65 65 65 65 65
536 536 536 536 536 536 536 536 536 536 536 536 536 536 536 536 536 536 536 536 536 536 536 536 536 536 536 536 536 536 536 536 536 536 536 536 536 536 536 536 536 536 536 536 536 536 536 536 536 536 536 536 536 536 536 536 536 536 536 536 536 536 536 536 536 536 536 536 536 536 536 536 536 536 536 536 536 536 536 536 536 536 536 536 536 536 536 536 536 536 536 536 536 536 536 536 536 536 536 536 536
347 347 347 347 347 347 347 347 347 347 347 347 347 347 347 347 347 347 347 347 347 347 347 347 347 347 347 347 347 347 347 347 347 347 347 347 347 347 347 347 347 347 347 347 347 347 347 347 347 347 347 347 347 347 347 347 347 347 347 347 347 347 347 347 347 347 347 347 347 347 347 347 347 347 347 347 347 347 347 347 347 347 347 347 347 347 347 347 347 347 347 347 347 347 347 347 347 347 347 347 347
464 464 464 464 464 464 464 464 464 464 464 464 464 464 464 464 464 464 464 464 464 464 464 464 464 464 464 464 464 464 464 464 464 464 464 464 464 464 464 464 464 464 464 464 464 464 464 464 464 464 464 464 464 464 464 464 464 464 464 464 464 464 464 464 464 464 464 464 464 464 464 464 464 464 464 464 464 464 464 464 464 464 464 464 464 464 464 464 464 464 464 464 464 464 464 464 464 464 464 464 464
254 254 254 254 254 254 254 254 254 254 254 254 254 254 254 254 254 254 254 254 254 254 254 254 254 254 254 254 254 254 254 254 254 254 254 254 254 254 254 254 254 254 254 254 254 254 254 254 254 254 254 254 254 254 254 254 254 254 254 254 254 254 254 254 254 254 254 254 254 254 254 254 254 254 254 254 254 254 254 254 254 254 254 254 254 254 254 254 254 254 254 254 254 254 254 254 254 254 254 254 254
468 468 468 468 468 468 468 468 468 468 468 468 468 468 468 468 468 468 468 468 468 468 468 468 468 468 468 468 468 468 468 468 468 468 468 468 468 468 468 468 468 468 468 468 468 468 468 468 468 468 468 468 468 468 468 468 468 468 468 468 468 468 468 468 468 468 468 468 468 468 468 468 468 468 468 468 468 468 468 468 468 468 468 468 468 468 468 468 468 468 468 468 468 468 468 468 468 468 468 468 468
324 324 324 324 324 324 324 324 324 324 324 324 324 324 324 324 324 324 324 324 324 324 324 324 324 324 324 324 324 324 324 324 324 324 324 324 324 324 324 324 324 324 324 324 324 324 324 324 324 324 324 324 324 324 324 324 324 324 324 324 324 324 324 324 324 324 324 324 324 324 324 324 324 324 324 324 324 324 324 324 324 324 324 324 324 324 324 324 324 324 324 324 324 324 324 324 324 324 324 324 324
421 421 421 421 421 421 421 421 421 421 421 421 421 421 421 421 421 421 421 421 421 421 421 421 421 421 421 421 421 421 421 421 421 421 421 421 421 421 421 421 421 421 421 421 421 421 421 421 421 421 421 421 421 421 421 421 421 421 421 421 421 421 421 421 421 421 421 421 421 421 421 421 421 421 421 421 421 421 421 421 421 421 421 421 421 421 421 421 421 421 421 421 421 421 421 421 421 421 421 421 421
140 140 140 140 140 140 140 140 140 140 140 140 140 140 140 140 140 140 140 140 140 140 140 140 140 140 140 140 140 140 140 140 140 140 140 140 140 140 140 140 140 140 140 140 140 140 140 140 140 140 140 140 140 140 140 140 140 140 140 140 140 140 140 140 140 140 140 140 140 140 140 140 140 140 140 140 140 140 140 140 140 140 140 140 140 140 140 140 140 140 140 140 140 140 140 140 140 140 140 140 140
226 226 226 226 226 226 226 226 226 226 226 226 226 226 226 226 226 226 226 226 226 226 226 226 226 226 226 226 226 226 226 226 226 226 226 226 226 226 226 226 226 226 226 226 226 226 226 226 226 226 226 226 226 226 226 226 226 226 226 226 226 226 226 226 226 226 226 226 226 226 226 226 226 226 226 226 226 226 226 226 226 226 226 226 226 226 226 226 226 226 226 226 226 226 226 226 226 226 226 226 226
209 209 209 209 209 209 209 209 209 209 209 209 209 209 209 209 209 209 209 209 209 209 209 209 209 209 209 209 209 209 209 209 209 209 209 209 209 209 209 209 209 209 209 209 209 209 209 209 209 209 209 209 209 209 209 209 209 209 209 209 209 209 209 209 209 209 209 209 209 209 209 209 209 209 209 209 209 209 209 209 209 209 209 209 209 209 209 209 209 209 209 209 209 209 209 209 209 209 209 209 209
647 647 647 647 647 647 647 647 647 647 647 647 647 647 647 647 647 647 647 647 647 647 647 647 647 647 647 647 647 647 647 647 647 647 647 647 647 647 647 647 647 647 647 647 647 647 647 647 647 647 647 647 647 647 647 647 647 647 647 647 647 647 647 647 647 647 647 647 647 647 647 647 647 647 647 647 647 647 647 647 647 647 647 647 647 647 647 647 647 647 647 647 647 647 647 647 647 647 647 647 647
132 132 132 132 132 132 132 132 132 132 132 132 132 132 132 132 132 132 132 132 132 132 132 132 132 132 132 132 132 132 132 132 132 132 132 132 132 132 132 132 132 132 132 132 132 132 132 132 132 132 132 132 132 132 132 132 132 132 132 132 132 132 132 132 132 132 132 132 132 132 132 132 132 132 132 132 132 132 132 132 132 132 132 132 132 132 132 132 132 132 132 132 132 132 132 132 132 132 132 132 132
559 559 559 559 559 559 559 559 559 559 559 559 559 559 559 559 559 559 559 559 559 559 559 559 559 559 559 559 559 559 559 559 559 559 559 559 559 559 559 559 559 559 559 559 559 559 559 559 559 559 559 559 559 559 559 559 559 559 559 559 559 559 559 559 559 559 559 559 559 559 559 559 559 559 559 559 559 559 559 559 559 559 559 559 559 559 559 559 559 559 559 559 559 559 559 559 559 559 559 559 559
235 235 235 235 235 235 235 235 235 235 235 235 235 235 235 235 235 235 235 235 235 235 235 235 235 235 235 235 235 235 235 235 235 235 235 235 235 235 235 235 235 235 235 235 235 235 235 235 235 235 235 235 235 235 235 235 235 235 235 235 235 235 235 235 235 235 235 235 235 235 235 235 235 235 235 235 235 235 235 235 235 235 235 235 235 235 235 235 235 235 235 235 235 235 235 235 235 235 235 235 235
479 479 479 479 479 479 479 479 479 479 479 479 479 479 479 479 479 479 479 479 479 479 479 479 479 479 479 479 479 479 479 479 479 479 479 479 479 479 479 479 479 479 479 479 479 479 479 479 479 479 479 479 479 479 479 479 479 479 479 479 479 479 479 479 479 479 479 479 479 479 479 479 479 479 479 479 479 479 479 479 479 479 479 479 479 479 479 479 479 479 479 479 479 479 479 479 479 479 479 479 479
194 194 194 194 194 194 194 194 194 194 194 194 194 194 194 194 194 194 194 194 194 194 194 194 194 194 194 194 194 194 194 194 194 194 194 194 194 194 194 194 194 194 194 194 194 194 194 194 194 194 194 194 194 194 194 194 194 194 194 194 194 194 194 194 194 194 194 194 194 194 194 194 194 194 194 194 194 194 194 194 194 194 194 194 194 194 194 194 194 194 194 194 194 194 194 194 194 194 194 194 194
362 362 362 362 362 362 362 362 362 362 362 362 362 362 362 362 362 362 362 362 362 362 362 362 362 362 362 362 362 362 362 362 362 362 362 362 362 362 362 362 362 362 362 362 362 362 362 362 362 362 362 362 362 362 362 362 362 362 362 362 362 362 362 362 362 362 362 362 362 362 362 362 362 362 362 362 362 362 362 362 362 362 362 362 362 362 362 362 362 362 362 362 362 362 362 362 362 362 362 362 362
596 596 596 596 596 596 596 596 596 596 596 596 596 596 596 596 596 596 596 596 596 596 596 596 596 596 596 596 596 596 596 596 596 596 596 596 596 596 596 596 596 596 596 596 596 596 596 596 596 596 596 596 596 596 596 596 596 596 596 596 596 596 596 596 596 596 596 596 596 596 596 596 596 596 596 596 596 596 596 596 596 596 596 596 596 596 596 596 596 596 596 596 596 596 596 596 596 596 596 596 596
342 342 342 342 342 342 342 342 342 342 342 342 342 342 342 342 342 342 342 342 342 342 342 342 342 342 342 342 342 342 342 342 342 342 342 342 342 342 342 342 342 342 342 342 342 342 342 342 342 342 342 342 342 342 342 342 342 342 342 342 342 342 342 342 342 342 342 342 342 342 342 342 342 342 342 342 342 342 342 342 342 342 342 342 342 342 342 342 342 342 342 342 342 342 342 342 342 342 342 342 342
129 129 129 129 129 129 129 129 129 129 129 129 129 129 129 129 129 129 129 129 129 129 129 129 129 129 129 129 129 129 129 129 129 129 129 129 129 129 129 129 129 129 129 129 129 129 129 129 129 129 129 129 129 129 129 129 129 129 129 129 129 129 129 129 129 129 129 129 129 129 129 129 129 129 129 129 129 129 129 129 129 129 129 129 129 129 129 129 129 129 129 129 129 129 129 129 129 129 129 129 129
611 611 611 611 611 611 611 611 611 611 611 611 611 611 611 611 611 611 611 611 611 611 611 611 611 611 611 611 611 611 611 611 611 611 611 611 611 611 611 611 611 611 611 611 611 611 611 611 611 611 611 611 611 611 611 611 611 611 611 611 611 611 611 611 611 611 611 611 611 611 611 611 611 611 611 611 611 611 611 611 611 611 611 611 611 611 611 611 611 611 611 611 611 611 611 611 611 611 611 611 611
64 64 64 64 64 64 64 64 64 64 64 64 64 64 64 64 64 64 64 64 64 64 64 64 64 64 64 64 64 64 64 64 64 64 64 64 64 64 64 64 64 64 64 64 64 64 64 64 64 64 64 64 64 64 64 64 64 64 64 64 64 64 64 64 64 64 64 64 64 64 64 64 64 64 64 64 64 64 64 64 64 64 64 64 64 64 64 64 64 64 64 64 64 64 64 64 64 64 64 64 64
215 215 215 215 215 215 215 215 215 215 215 215 215 215 215 215 215 215 215 215 215 215 215 215 215 215 215 215 215 215 215 215 215 215 215 215 215 215 215 215 215 215 215 215 215 215 215 215 215 215 215 215 215 215 215 215 215 215 215 215 215 215 215 215 215 215 215 215 215 215 215 215 215 215 215 215 215 215 215 215 215 215 215 215 215 215 215 215 215 215 215 215 215 215 215 215 215 215 215 215 215
494 494 494 494 494 494 494 494 494 494 494 494 494 494 494 494 494 494 494 494 494 494 494 494 494 494 494 494 494 494 494 494 494 494 494 494 494 494 494 494 494 494 494 494 494 494 494 494 494 494 494 494 494 494 494 494 494 494 494 494 494 494 494 494 494 494 494 494 494 494 494 494 494 494 494 494 494 494 494 494 494 494 494 494 494 494 494 494 494 494 494 494 494 494 494 494 494 494 494 494 494
438 438 438 438 438 438 438 438 438 438 438 438 438 438 438 438 438 438 438 438 438 438 438 438 438 438 438 438 438 438 438 438 438 438 438 438 438 438 438 438 438 438 438 438 438 438 438 438 438 438 438 438 438 438 438 438 438 438 438 438 438 438 438 438 438 438 438 438 438 438 438 438 438 438 438 438 438 438 438 438 438 438 438 438 438 438 438 438 438 438 438 438 438 438 438 438 438 438 438 438 438
294 294 294 294 294 294 294 294 294 294 294 294 294 294 294 294 294 294 294 294 294 294 294 294 294 294 294 294 294 294 294 294 294 294 294 294 294 294 294 294 294 294 294 294 294 294 294 294 294 294 294 294 294 294 294 294 294 294 294 294 294 294 294 294 294 294 294 294 294 294 294 294 294 294 294 294 294 294 294 294 294 294 294 294 294 294 294 294 294 294 294 294 294 294 294 294 294 294 294 294 294
308 308 308 308 308 308 308 308 308 308 308 308 308 308 308 308 308 308 308 308 308 308 308 308 308 308 308 308 308 308 308 308 308 308 308 308 308 308 308 308 308 308 308 308 308 308 308 308 308 308 308 308 308 308 308 308 308 308 308 308 308 308 308 308 308 308 308 308 308 308 308 308 308 308 308 308 308 308 308 308 308 308 308 308 308 308 308 308 308 308 308 308 308 308 308 308 308 308 308 308 308
569 569 569 569 569 569 569 569 569 569 569 569 569 569 569 569 569 569 569 569 569 569 569 569 569 569 569 569 569 569 569 569 569 569 569 569 569 569 569 569 569 569 569 569 569 569 569 569 569 569 569 569 569 569 569 569 569 569 569 569 569 569 569 569 569 569 569 569 569 569 569 569 569 569 569 569 569 569 569 569 569 569 569 569 569 569 569 569 569 569 569 569 569 569 569 569 569 569 569 569 569
605 605 605 605 605 605 605 605 605 605 605 605 605 605 605 605 605 605 605 605 605 605 605 605 605 605 605 605 605 605 605 605 605 605 605 605 605 605 605 605 605 605 605 605 605 605 605 605 605 605 605 605 605 605 605 605 605 605 605 605 605 605 605 605 605 605 605 605 605 605 605 605 605 605 605 605 605 605 605 605 605 605 605 605 605 605 605 605 605 605 605 605 605 605 605 605 605 605 605 605 605
422 422 422 422 422 422 422 422 422 422 422 422 422 422 422 422 422 422 422 422 422 422 422 422 422 422 422 422 422 422 422 422 422 422 422 422 422 422 422 422 422 422 422 422 422 422 422 422 422 422 422 422 422 422 422 422 422 422 422 422 422 422 422 422 422 422 422 422 422 422 422 422 422 422 422 422 422 422 422 422 422 422 422 422 422 422 422 422 422 422 422 422 422 422 422 422 422 422 422 422 422
617 617 617 617 617 617 617 617 617 617 617 617 617 617 617 617 617 617 617 617 617 617 617 617 617 617 617 617 617 617 617 617 617 617 617 617 617 617 617 617 617 617 617 617 617 617 617 617 617 617 617 617 617 617 617 617 617 617 617 617 617 617 617 617 617 617 617 617 617 617 617 617 617 617 617 617 617 617 617 617 617 617 617 617 617 617 617 617 617 617 617 617 617 617 617 617 617 617 617 617 617
215 215 215 215 215 215 215 215 215 215 215 215 215 215 215 215 215 215 215 215 215 215 215 215 215 215 215 215 215 215 215 215 215 215 215 215 215 215 215 215 215 215 215 215 215 215 215 215 215 215 215 215 215 215 215 215 215 215 215 215 215 215 215 215 215 215 215 215 215 215 215 215 215 215 215 215 215 215 215 215 215 215 215 215 215 215 215 215 215 215 215 215 215 215 215 215 215 215 215 215 215
359 359 359 359 359 359 359 359 359 359 359 359 359 359 359 359 359 359 359 359 359 359 359 359 359 359 359 359 359 359 359 359 359 359 359 359 359 359 359 359 359 359 359 359 359 359 359 359 359 359 359 359 359 359 359 359 359 359 359 359 359 359 359 359 359 359 359 359 359 359 359 359 359 359 359 359 359 359 359 359 359 359 359 359 359 359 359 359 359 359 359 359 359 359 359 359 359 359 359 359 359
650 650 650 650 650 650 650 650 650 650 650 650 650 650 650 650 650 650 650 650 650 650 650 650 650 650 650 650 650 650 650 650 650 650 650 650 650 650 650 650 650 650 650 650 650 650 650 650 650 650 650 650 650 650 650 650 650 650 650 650 650 650 650 650 650 650 650 650 650 650 650 650 650 650 650 650 650 650 650 650 650 650 650 650 650 650 650 650 650 650 650 650 650 650 650 650 650 650 650 650 650
41 41 41 41 41 41 41 41 41 41 41 41 41 41 41 41 41 41 41 41 41 41 41 41 41 41 41 41 41 41 41 41 41 41 41 41 41 41 41 41 41 41 41 41 41 41 41 41 41 41 41 41 41 41 41 41 41 41 41 41 41 41 41 41 41 41 41 41 41 41 41 41 41 41 41 41 41 41 41 41 41 41 41 41 41 41 41 41 41 41 41 41 41 41 41 41 41 41 41 41 41
266 266 266 266 266 266 266 266 266 266 266 266 266 266 266 266 266 266 266 266 266 266 266 266 266 266 266 266 266 266 266 266 266 266 266 266 266 266 266 266 266 266 266 266 266 266 266 266 266 266 266 266 266 266 266 266 266 266 266 266 266 266 266 266 266 266 266 266 266 266 266 266 266 266 266 266 266 266 266 266 266 266 266 266 266 266 266 266 266 266 266 266 266 266 266 266 266 266 266 266 266
561 561 561 561 561 561 561 561 561 561 561 561 561 561 561 561 561 561 561 561 561 561 561 561 561 561 561 561 561 561 561 561 561 561 561 561 561 561 561 561 561 561 561 561 561 561 561 561 561 561 561 561 561 561 561 561 561 561 561 561 561 561 561 561 561 561 561 561 561 561 561 561 561 561 561 561 561 561 561 561 561 561 561 561 561 561 561 561 561 561 561 561 561 561 561 561 561 561 561 561 561
482 482 482 482 482 482 482 482 482 482 482 482 482 482 482 482 482 482 482 482 482 482 482 482 482 482 482 482 482 482 482 482 482 482 482 482 482 482 482 482 482 482 482 482 482 482 482 482 482 482 482 482 482 482 482 482 482 482 482 482 482 482 482 482 482 482 482 482 482 482 482 482 482 482 482 482 482 482 482 482 482 482 482 482 482 482 482 482 482 482 482 482 482 482 482 482 482 482 482 482 482
630 630 630 630 630 630 630 630 630 630 630 630 630 630 630 630 630 630 630 630 630 630 630 630 630 630 630 630 630 630 630 630 630 630 630 630 630 630 630 630 630 630 630 630 630 630 630 630 630 630 630 630 630 630 630 630 630 630 630 630 630 630 630 630 630 630 630 630 630 630 630 630 630 630 630 630 630 630 630 630 630 630 630 630 630 630 630 630 630 630 630 630 630 630 630 630 630 630 630 630 630
373 373 373 373 373 373 373 373 373 373 373 373 373 373 373 373 373 373 373 373 373 373 373 373 373 373 373 373 373 373 373 373 373 373 373 373 373 373 373 373 373 373 373 373 373 373 373 373 373 373 373 373 373 373 373 373 373 373 373 373 373 373 373 373 373 373 373 373 373 373 373 373 373 373 373 373 373 373 373 373 373 373 373 373 373 373 373 373 373 373 373 373 373 373 373 373 373 373 373 373 373
633 633 633 633 633 633 633 633 633 633 633 633 633 633 633 633 633 633 633 633 633 633 633 633 633 633 633 633 633 633 633 633 633 633 633 633 633 633 633 633 633 633 633 633 633 633 633 633 633 633 633 633 633 633 633 633 633 633 633 633 633 633 633 633 633 633 633 633 633 633 633 633 633 633 633 633 633 633 633 633 633 633 633 633 633 633 633 633 633 633 633 633 633 633 633 633 633 633 633 633 633
185 185 185 185 185 185 185 185 185 185 185 185 185 185 185 185 185 185 185 185 185 185 185 185 185 185 185 185 185 185 185 185 185 185 185 185 185 185 185 185 185 185 185 185 185 185 185 185 185 185 185 185 185 185 185 185 185 185 185 185 185 185 185 185 185 185 185 185 185 185 185 185 185 185 185 185 185 185 185 185 185 185 185 185 185 185 185 185 185 185 185 185 185 185 185 185 185 185 185 185 185
520 520 520 520 520 520 520 520 520 520 520 520 520 520 520 520 520 520 520 520 520 520 520 520 520 520 520 520 520 520 520 520 520 520 520 520 520 520 520 520 520 520 520 520 520 520 520 520 520 520 520 520 520 520 520 520 520 520 520 520 520 520 520 520 520 520 520 520 520 520 520 520 520 520 520 520 520 520 520 520 520 520 520 520 520 520 520 520 520 520 520 520 520 520 520 520 520 520 520 520 520
214 214 214 214 214 214 214 214 214 214 214 214 214 214 214 214 214 214 214 214 214 214 214 214 214 214 214 214 214 214 214 214 214 214 214 214 214 214 214 214 214 214 214 214 214 214 214 214 214 214 214 214 214 214 214 214 214 214 214 214 214 214 214 214 214 214 214 214 214 214 214 214 214 214 214 214 214 214 214 214 214 214 214 214 214 214 214 214 214 214 214 214 214 214 214 214 214 214 214 214 214
619 619 619 619 619 619 619 619 619 619 619 619 619 619 619 619 619 619 619 619 619 619 619 619 619 619 619 619 619 619 619 619 619 619 619 619 619 619 619 619 619 619 619 619 619 619 619 619 619 619 619 619 619 619 619 619 619 619 619 619 619 619 619 619 619 619 619 619 619 619 619 619 619 619 619 619 619 619 619 619 619 619 619 619 619 619 619 619 619 619 619 619 619 619 619 619 619 619 619 619 619
315 315 315 315 315 315 315 315 315 315 315 315 315 315 315 315 315 315 315 315 315 315 315 315 315 315 315 315 315 315 315 315 315 315 315 315 315 315 315 315 315 315 315 315 315 315 315 315 315 315 315 315 315 315 315 315 315 315 315 315 315 315 315 315 315 315 315 315 315 315 315 315 315 315 315 315 315 315 315 315 315 315 315 315 315 315 315 315 315 315 315 315 315 315 315 315 315 315 315 315 315
399 399 399 399 399 399 399 399 399 399 399 399 399 399 399 399 399 399 399 399 399 399 399 399 399 399 399 399 399 399 399 399 399 399 399 399 399 399 399 399 399 399 399 399 399 399 399 399 399 399 399 399 399 399 399 399 399 399 399 399 399 399 399 399 399 399 399 399 399 399 399 399 399 399 399 399 399 399 399 399 399 399 399 399 399 399 399 399 399 399 399 399 399 399 399 399 399 399 399 399 399
52 52 52 52 52 52 52 52 52 52 52 52 52 52 52 52 52 52 52 52 52 52 52 52 52 52 52 52 52 52 52 52 52 52 52 52 52 52 52 52 52 52 52 52 52 52 52 52 52 52 52 52 52 52 52 52 52 52 52 52 52 52 52 52 52 52 52 52 52 52 52 52 52 52 52 52 52 52 52 52 52 52 52 52 52 52 52 52 52 52 52 52 52 52 52 52 52 52 52 52 52
636 636 636 636 636 636 636 636 636 636 636 636 636 636 636 636 636 636 636 636 636 636 636 636 636 636 636 636 636 636 636 636 636 636 636 636 636 636 636 636 636 636 636 636 636 636 636 636 636 636 636 636 636 636 636 636 636 636 636 636 636 636 636 636 636 636 636 636 636 636 636 636 636 636 636 636 636 636 636 636 636 636 636 636 636 636 636 636 636 636 636 636 636 636 636 636 636 636 636 636 636
464 464 464 464 464 464 464 464 464 464 464 464 464 464 464 464 464 464 464 464 464 464 464 464 464 464 464 464 464 464 464 464 464 464 464 464 464 464 464 464 464 464 464 464 464 464 464 464 464 464 464 464 464 464 464 464 464 464 464 464 464 464 464 464 464 464 464 464 464 464 464 464 464 464 464 464 464 464 464 464 464 464 464 464 464 464 464 464 464 464 464 464 464 464 464 464 464 464 464 464 464
612 612 612 612 612 612 612 612 612 612 612 612 612 612 612 612 612 612 612 612 612 612 612 612 612 612 612 612 612 612 612 612 612 612 612 612 612 612 612 612 612 612 612 612 612 612 612 612 612 612 612 612 612 612 612 612 612 612 612 612 612 612 612 612 612 612 612 612 612 612 612 612 612 612 612 612 612 612 612 612 612 612 612 612 612 612 612 612 612 612 612 612 612 612 612 612 612 612 612 612 612
411 411 411 411 411 411 411 411 411 411 411 411 411 411 411 411 411 411 411 411 411 411 411 411 411 411 411 411 411 411 411 411 411 411 411 411 411 411 411 411 411 411 411 411 411 411 411 411 411 411 411 411 411 411 411 411 411 411 411 411 411 411 411 411 411 411 411 411 411 411 411 411 411 411 411 411 411 411 411 411 411 411 411 411 411 411 411 411 411 411 411 411 411 411 411 411 411 411 411 411 411
597 597 597 597 597 597 597 597 597 597 597 597 597 597 597 597 597 597 597 597 597 597 597 597 597 597 597 597 597 597 597 597 597 597 597 597 597 597 597 597 597 597 597 597 597 597 597 597 597 597 597 597 597 597 597 597 597 597 597 597 597 597 597 597 597 597 597 597 597 597 597 597 597 597 597 597 597 597 597 597 597 597 597 597 597 597 597 597 597 597 597 597 597 597 597 597 597 597 597 597 597
576 576 576 576 576 576 576 576 576 576 576 576 576 576 576 576 576 576 576 576 576 576 576 576 576 576 576 576 576 576 576 576 576 576 576 576 576 576 576 576 576 576 576 576 576 576 576 576 576 576 576 576 576 576 576 576 576 576 576 576 576 576 576 576 576 576 576 576 576 576 576 576 576 576 576 576 576 576 576 576 576 576 576 576 576 576 576 576 576 576 576 576 576 576 576 576 576 576 576 576 576
37 37 37 37 37 37 37 37 37 37 37 37 37 37 37 37 37 37 37 37 37 37 37 37 37 37 37 37 37 37 37 37 37 37 37 37 37 37 37 37 37 37 37 37 37 37 37 37 37 37 37 37 37 37 37 37 37 37 37 37 37 37 37 37 37 37 37 37 37 37 37 37 37 37 37 37 37 37 37 37 37 37 37 37 37 37 37 37 37 37 37 37 37 37 37 37 37 37 37 37 37
307 307 307 307 307 307 307 307 307 307 307 307 307 307 307 307 307 307 307 307 307 307 307 307 307 307 307 307 307 307 307 307 307 307 307 307 307 307 307 307 307 307 307 307 307 307 307 307 307 307 307 307 307 307 307 307 307 307 307 307 307 307 307 307 307 307 307 307 307 307 307 307 307 307 307 307 307 307 307 307 307 307 307 307 307 307 307 307 307 307 307 307 307 307 307 307 307 307 307 307 307
380 380 380 380 380 380 380 380 380 380 380 380 380 380 380 380 380 380 380 380 380 380 380 380 380 380 380 380 380 380 380 380 380 380 380 380 380 380 380 380 380 380 380 380 380 380 380 380 380 380 380 380 380 380 380 380 380 380 380 380 380 380 380 380 380 380 380 380 380 380 380 380 380 380 380 380 380 380 380 380 380 380 380 380 380 380 380 380 380 380 380 380 380 380 380 380 380 380 380 380 380
189 189 189 189 189 189 189 189 189 189 189 189 189 189 189 189 189 189 189 189 189 189 189 189 189 189 189 189 189 189 189 189 189 189 189 189 189 189 189 189 189 189 189 189 189 189 189 189 189 189 189 189 189 189 189 189 189 189 189 189 189 189 189 189 189 189 189 189 189 189 189 189 189 189 189 189 189 189 189 189 189 189 189 189 189 189 189 189 189 189 189 189 189 189 189 189 189 189 189 189 189
471 471 471 471 471 471 471 471 471 471 471 471 471 471 471 471 471 471 471 471 471 471 471 471 471 471 471 471 471 471 471 471 471 471 471 471 471 471 471 471 471 471 471 471 471 471 471 471 471 471 471 471 471 471 471 471 471 471 471 471 471 471 471 471 471 471 471 471 471 471 471 471 471 471 471 471 471 471 471 471 471 471 471 471 471 471 471 471 471 471 471 471 471 471 471 471 471 471 471 471 471
189 189 189 189 189 189 189 189 189 189 189 189 189 189 189 189 189 189 189 189 189 189 189 189 189 189 189 189 189 189 189 189 189 189 189 189 189 189 189 189 189 189 189 189 189 189 189 189 189 189 189 189 189 189 189 189 189 189 189 189 189 189 189 189 189 189 189 189 189 189 189 189 189 189 189 189 189 189 189 189 189 189 189 189 189 189 189 189 189 189 189 189 189 189 189 189 189 189 189 189 189
73 73 73 73 73 73 73 73 73 73 73 73 73 73 73 73 73 73 73 73 73 73 73 73 73 73 73 73 73 73 73 73 73 73 73 73 73 73 73 73 73 73 73 73 73 73 73 73 73 73 73 73 73 73 73 73 73 73 73 73 73 73 73 73 73 73 73 73 73 73 73 73 73 73 73 73 73 73 73 73 73 73 73 73 73 73 73 73 73 73 73 73 73 73 73 73 73 73 73 73 73
196 196 196 196 196 196 196 196 196 196 196 196 196 196 196 196 196 196 196 196 196 196 196 196 196 196 196 196 196 196 196 196 196 196 196 196 196 196 196 196 196 196 196 196 196 196 196 196 196 196 196 196 196 196 196 196 196 196 196 196 196 196 196 196 196 196 196 196 196 196 196 196 196 196 196 196 196 196 196 196 196 196 196 196 196 196 196 196 196 196 196 196 196 196 196 196 196 196 196 196 196
268 268 268 268 268 268 268 268 268 268 268 268 268 268 268 268 268 268 268 268 268 268 268 268 268 268 268 268 268 268 268 268 268 268 268 268 268 268 268 268 268 268 268 268 268 268 268 268 268 268 268 268 268 268 268 268 268 268 268 268 268 268 268 268 268 268 268 268 268 268 268 268 268 268 268 268 268 268 268 268 268 268 268 268 268 268 268 268 268 268 268 268 268 268 268 268 268 268 268 268 268
490 490 490 490 490 490 490 490 490 490 490 490 490 490 490 490 490 490 490 490 490 490 490 490 490 490 490 490 490 490 490 490 490 490 490 490 490 490 490 490 490 490 490 490 490 490 490 490 490 490 490 490 490 490 490 490 490 490 490 490 490 490 490 490 490 490 490 490 490 490 490 490 490 490 490 490 490 490 490 490 490 490 490 490 490 490 490 490 490 490 490 490 490 490 490 490 490 490 490 490 490
109 109 109 109 109 109 109 109 109 109 109 109 109 109 109 109 109 109 109 109 109 109 109 109 109 109 109 109 109 109 109 109 109 109 109 109 109 109 109 109 109 109 109 109 109 109 109 109 109 109 109 109 109 109 109 109 109 109 109 109 109 109 109 109 109 109 109 109 109 109 109 109 109 109 109 109 109 109 109 109 109 109 109 109 109 109 109 109 109 109 109 109 109 109 109 109 109 109 109 109 109
273 273 273 273 273 273 273 273 273 273 273 273 273 273 273 273 273 273 273 273 273 273 273 273 273 273 273 273 273 273 273 273 273 273 273 273 273 273 273 273 273 273 273 273 273 273 273 273 273 273 273 273 273 273 273 273 273 273 273 273 273 273 273 273 273 273 273 273 273 273 273 273 273 273 273 273 273 273 273 273 273 273 273 273 273 273 273 273 273 273 273 273 273 273 273 273 273 273 273 273 273
307 307 307 307 307 307 307 307 307 307 307 307 307 307 307 307 307 307 307 307 307 307 307 307 307 307 307 307 307 307 307 307 307 307 307 307 307 307 307 307 307 307 307 307 307 307 307 307 307 307 307 307 307 307 307 307 307 307 307 307 307 307 307 307 307 307 307 307 307 307 307 307 307 307 307 307 307 307 307 307 307 307 307 307 307 307 307 307 307 307 307 307 307 307 307 307 307 307 307 307 307
55 55 55 55 55 55 55 55 55 55 55 55 55 55 55 55 55 55 55 55 55 55 55 55 55 55 55 55 55 55 55 55 55 55 55 55 55 55 55 55 55 55 55 55 55 55 55 55 55 55 55 55 55 55 55 55 55 55 55 55 55 55 55 55 55 55 55 55 55 55 55 55 55 55 55 55 55 55 55 55 55 55 55 55 55 55 55 55 55 55 55 55 55 55 55 55 55 55 55 55 55
404 404 404 404 404 404 404 404 404 404 404 404 404 404 404 404 404 404 404 404 404 404 404 404 404 404 404 404 404 404 404 404 404 404 404 404 404 404 404 404 404 404 404 404 404 404 404 404 404 404 404 404 404 404 404 404 404 404 404 404 404 404 404 404 404 404 404 404 404 404 404 404 404 404 404 404 404 404 404 404 404 404 404 404 404 404 404 404 404 404 404 404 404 404 404 404 404 404 404 404 404
111 111 111 111 111 111 111 111 111 111 111 111 111 111 111 111 111 111 111 111 111 111 111 111 111 111 111 111 111 111 111 111 111 111 111 111 111 111 111 111 111 111 111 111 111 111 111 111 111 111 111 111 111 111 111 111 111 111 111 111 111 111 111 111 111 111 111 111 111 111 111 111 111 111 111 111 111 111 111 111 111 111 111 111 111 111 111 111 111 111 111 111 111 111 111 111 111 111 111 111 111
573 573 573 573 573 573 573 573 573 573 573 573 573 573 573 573 573 573 573 573 573 573 573 573 573 573 573 573 573 573 573 573 573 573 574 574 574 574 574 574 574 574 574 574 574 574 574 574 574 574 574 574 574 574 574 574 574 574 574 574 574 574 574 574 574 574 574 574 574 574 574 574 574 574 574 574 574 574 574 574 574 574 574 574 574 574 574 574 574 574 574 574 574 574 574 574 574 574 574 574 574
368 368 368 368 368 368 368 368 368 368 368 368 368 368 368 368 368 368 368 368 368 368 368 368 368 368 368 368 368 368 368 368 368 368 368 368 368 368 368 368 368 368 368 368 368 368 368 368 368 368 368 368 368 368 368 368 368 368 368 368 368 368 368 368 368 368 368 368 368 368 368 368 368 368 368 368 368 368 368 368 368 368 368 368 368 368 368 368 368 368 368 368 368 368 368 368 368 368 368 368 368
642 642 642 642 642 642 642 642 642 642 642 642 642 642 642 642 642 642 642 642 642 642 642 642 642 642 642 642 642 642 642 642 642 642 642 642 642 642 642 642 642 642 642 642 642 642 642 642 642 642 642 642 642 642 642 642 642 642 642 642 642 642 642 642 642 642 642 642 642 642 642 642 642 642 642 642 642 642 642 642 642 642 642 642 642 642 642 642 642 642 642 642 642 642 642 642 642 642 642 642 642
67 67 67 67 67 67 67 67 67 67 67 67 67 67 67 67 67 67 67 67 67 67 67 67 67 67 67 67 67 67 67 67 67 67 67 67 67 67 67 67 67 67 67 67 67 67 67 67 67 67 67 67 67 67 67 67 67 67 67 67 67 67 67 67 67 67 67 67 67 67 67 67 67 67 67 67 67 67 67 67 67 67 67 67 67 67 67 67 67 67 67 67 67 67 67 67 67 67 67 67 67
551 551 551 551 551 551 551 551 551 551 551 551 551 551 551 551 551 551 551 551 551 551 551 551 551 551 551 551 551 551 551 551 551 551 551 551 551 551 551 551 551 551 551 551 551 551 551 551 551 551 551 551 551 551 551 551 551 551 551 551 551 551 551 551 551 551 551 551 551 551 551 551 551 551 551 551 551 551 551 551 551 551 551 551 551 551 551 551 551 551 551 551 551 551 551 551 551 551 551 551 551
38 38 38 38 38 38 38 38 38 38 38 38 38 38 38 38 38 38 38 38 38 38 38 38 38 38 38 38 38 38 38 38 38 38 38 38 38 38 38 38 38 38 38 38 38 38 38 38 38 38 38 38 38 38 38 38 38 38 38 38 38 38 38 38 38 38 38 38 38 38 38 38 38 38 38 38 38 38 38 38 38 38 38 38 38 38 38 38 38 38 38 38 38 38 38 38 38 38 38 38 38
242 242 242 242 242 242 242 242 242 242 242 242 242 242 242 242 242 242 242 242 242 242 242 242 242 242 242 242 242 242 242 242 242 242 242 242 242 242 242 242 242 242 242 242 242 242 242 242 242 242 242 242 242 242 242 242 242 242 242 242 242 242 242 242 242 242 242 242 242 242 242 242 242 242 242 242 242 242 242 242 242 242 242 242 242 242 242 242 242 242 242 242 242 242 242 242 242 242 242 242 242
483 483 483 483 483 483 483 483 483 483 483 483 483 483 483 483 483 483 483 483 483 483 483 483 483 483 483 483 483 483 483 483 483 483 483 483 483 483 483 483 483 483 483 483 483 483 483 483 483 483 483 483 483 483 483 483 483 483 483 483 483 483 483 483 483 483 483 483 483 483 483 483 483 483 483 483 483 483 483 483 483 483 483 483 483 483 483 483 483 483 483 483 483 483 483 483 483 483 483 483 483
72 72 72 72 72 72 72 72 72 72 72 72 72 72 72 72 72 72 72 72 72 72 72 72 72 72 72 72 72 72 72 72 72 72 72 72 72 72 72 72 72 72 72 72 72 72 72 72 72 72 72 72 72 72 72 72 72 72 72 72 72 72 72 72 72 72 72 72 72 72 72 72 72 72 72 72 72 72 72 72 72 72 72 72 72 72 72 72 72 72 72 72 72 72 72 72 72 72 72 72 72
