speed bound_mts bound_cls final_length rho_m force_cls force_mts
0.000000000000000000e+00 1.825925925925925952e+01 1.040000000000000000e+02 2.820180703703703884e+00 5.186448616423418312e-02 0.000000000000000000e+00 0.000000000000000000e+00
0.000000000000000000e+00 3.422222222222222143e+01 1.480000000000000000e+02 2.708907407407407320e+00 1.011685114207601516e-01 0.000000000000000000e+00 0.000000000000000000e+00
0.000000000000000000e+00 3.679012345679012697e+01 1.000000000000000000e+02 1.908085061728395093e+00 1.541573574308810479e-01 0.000000000000000000e+00 0.000000000000000000e+00
0.000000000000000000e+00 1.097530864197530853e+01 3.900000000000000000e+01 1.622649012345679154e+00 5.426561868025361196e-02 0.000000000000000000e+00 0.000000000000000000e+00
0.000000000000000000e+00 1.085185185185185119e+01 2.400000000000000000e+01 9.736857654320988376e-01 8.934454864244474603e-02 0.000000000000000000e+00 0.000000000000000000e+00
0.000000000000000000e+00 4.028395061728394921e+01 1.230000000000000000e+02 2.067138702469135669e+00 1.560484176245515442e-01 0.000000000000000000e+00 0.000000000000000000e+00
0.000000000000000000e+00 1.379012345679012341e+01 6.200000000000000000e+01 2.230720987654320808e+00 4.948972114058378807e-02 0.000000000000000000e+00 0.000000000000000000e+00
0.000000000000000000e+00 9.098765432098765871e+00 1.300000000000000000e+01 7.978145555555555823e-01 9.164324746086803530e-02 0.000000000000000000e+00 0.000000000000000000e+00
0.000000000000000000e+00 3.329629629629629761e+01 9.500000000000000000e+01 1.726899716049382860e+00 1.542108981267857892e-01 0.000000000000000000e+00 0.000000000000000000e+00
0.000000000000000000e+00 1.779012345679012341e+01 1.150000000000000000e+02 2.928444444444444184e+00 4.868350864179162713e-02 0.000000000000000000e+00 0.000000000000000000e+00
0.000000000000000000e+00 3.670370370370370239e+01 1.670000000000000000e+02 2.927901234567900968e+00 1.002884926221326300e-01 0.000000000000000000e+00 0.000000000000000000e+00
0.000000000000000000e+00 1.744444444444444287e+01 3.300000000000000000e+01 1.008814098765432155e+00 1.387876851454930005e-01 0.000000000000000000e+00 0.000000000000000000e+00
0.000000000000000000e+00 1.798765432098765515e+01 1.980000000000000000e+02 2.992691728395061812e+00 4.808521708380689152e-02 0.000000000000000000e+00 0.000000000000000000e+00
0.000000000000000000e+00 3.107407407407407263e+01 1.210000000000000000e+02 2.384438271604938375e+00 1.042073871914824118e-01 0.000000000000000000e+00 0.000000000000000000e+00
0.000000000000000000e+00 4.188888888888888573e+01 1.360000000000000000e+02 2.122679111111111183e+00 1.579536005924153663e-01 0.000000000000000000e+00 0.000000000000000000e+00
0.000000000000000000e+00 1.724691358024691468e+01 9.700000000000000000e+01 2.765612345679012041e+00 5.001908723455294331e-02 0.000000000000000000e+00 0.000000000000000000e+00
0.000000000000000000e+00 1.338271604938271686e+01 3.200000000000000000e+01 1.076002283950617366e+00 9.963836666311395862e-02 0.000000000000000000e+00 0.000000000000000000e+00
0.000000000000000000e+00 5.013580246913580396e+01 1.680000000000000000e+02 2.549448148148148352e+00 1.572912366527456918e-01 0.000000000000000000e+00 0.000000000000000000e+00
0.000000000000000000e+00 1.854320987654320874e+01 1.620000000000000000e+02 2.980100000000000193e+00 4.979309402877303559e-02 0.000000000000000000e+00 0.000000000000000000e+00
0.000000000000000000e+00 2.940740740740740833e+01 1.040000000000000000e+02 2.274655555555555431e+00 1.035778728129648496e-01 0.000000000000000000e+00 0.000000000000000000e+00
0.000000000000000000e+00 5.256790123456789843e+01 1.960000000000000000e+02 2.743112469135802201e+00 1.534534984591874873e-01 0.000000000000000000e+00 0.000000000000000000e+00
0.000000000000000000e+00 1.840740740740740833e+01 1.360000000000000000e+02 2.976540740740740709e+00 4.948663670868446579e-02 0.000000000000000000e+00 0.000000000000000000e+00
0.000000000000000000e+00 3.216049382716049365e+01 1.290000000000000000e+02 2.565898851851851958e+00 1.002744178524481583e-01 0.000000000000000000e+00 0.000000000000000000e+00
0.000000000000000000e+00 2.760493827160493652e+01 6.500000000000000000e+01 1.472386395061728415e+00 1.501848625775727419e-01 0.000000000000000000e+00 0.000000000000000000e+00
0.000000000000000000e+00 1.814814814814814881e+01 1.950000000000000000e+02 2.991756790123456966e+00 4.852616524504576451e-02 0.000000000000000000e+00 0.000000000000000000e+00
0.000000000000000000e+00 3.658024691358024683e+01 1.800000000000000000e+02 2.957106246913579817e+00 9.898494855073947107e-02 0.000000000000000000e+00 0.000000000000000000e+00
0.000000000000000000e+00 3.348148148148148096e+01 8.700000000000000000e+01 1.758019876543209792e+00 1.524184504480105840e-01 0.000000000000000000e+00 0.000000000000000000e+00
0.000000000000000000e+00 1.208641975308641925e+01 4.800000000000000000e+01 1.876643209876543095e+00 5.166641362648849434e-02 0.000000000000000000e+00 0.000000000000000000e+00
0.000000000000000000e+00 3.079012345679012341e+01 1.180000000000000000e+02 2.380560271604938549e+00 1.035770162045582532e-01 0.000000000000000000e+00 0.000000000000000000e+00
0.000000000000000000e+00 4.234567901234567699e+01 1.370000000000000000e+02 2.213883580246913674e+00 1.528856577453474863e-01 0.000000000000000000e+00 0.000000000000000000e+00
0.000000000000000000e+00 1.902469135802468969e+01 1.880000000000000000e+02 2.989577518518518051e+00 5.092008502171033874e-02 0.000000000000000000e+00 0.000000000000000000e+00
0.000000000000000000e+00 2.954320987654320874e+01 1.170000000000000000e+02 2.293439012345678929e+00 1.030164067427601082e-01 0.000000000000000000e+00 0.000000000000000000e+00
0.000000000000000000e+00 4.819753086419753174e+01 1.560000000000000000e+02 2.458991111111111127e+00 1.570049887667287480e-01 0.000000000000000000e+00 0.000000000000000000e+00
0.000000000000000000e+00 1.227160493827160437e+01 4.300000000000000000e+01 1.795630123456790184e+00 5.487240808441851136e-02 0.000000000000000000e+00 0.000000000000000000e+00
0.000000000000000000e+00 3.362962962962962621e+01 1.350000000000000000e+02 2.610678765432099091e+00 1.031520527684716693e-01 0.000000000000000000e+00 0.000000000000000000e+00
0.000000000000000000e+00 4.082716049382715795e+01 1.210000000000000000e+02 2.072529555555555625e+00 1.575990668371967940e-01 0.000000000000000000e+00 0.000000000000000000e+00
0.000000000000000000e+00 1.900000000000000000e+01 1.320000000000000000e+02 2.935829839506173045e+00 5.182147679715291139e-02 0.000000000000000000e+00 0.000000000000000000e+00
0.000000000000000000e+00 3.582716049382715795e+01 1.770000000000000000e+02 2.881846111111111330e+00 9.949242189067371289e-02 0.000000000000000000e+00 0.000000000000000000e+00
0.000000000000000000e+00 2.381481481481481310e+01 5.000000000000000000e+01 1.278314209876543428e+00 1.491505317475777526e-01 0.000000000000000000e+00 0.000000000000000000e+00
0.000000000000000000e+00 1.808641975308642103e+01 1.500000000000000000e+02 2.983575000000000088e+00 4.849807298717755122e-02 0.000000000000000000e+00 0.000000000000000000e+00
0.000000000000000000e+00 2.251851851851851904e+01 7.200000000000000000e+01 1.757982222222222113e+00 1.023928286815095207e-01 0.000000000000000000e+00 0.000000000000000000e+00
0.000000000000000000e+00 2.775308641975308532e+01 6.600000000000000000e+01 1.431919465432098804e+00 1.551760825784192777e-01 0.000000000000000000e+00 0.000000000000000000e+00
0.000000000000000000e+00 1.323456790123456805e+01 5.300000000000000000e+01 1.954466666666666796e+00 5.426149373219375099e-02 0.000000000000000000e+00 0.000000000000000000e+00
0.000000000000000000e+00 9.827160493827159726e+00 1.600000000000000000e+01 8.662468148148146918e-01 9.062716723872239755e-02 0.000000000000000000e+00 0.000000000000000000e+00
0.000000000000000000e+00 3.351851851851851904e+01 9.000000000000000000e+01 1.733614814814815164e+00 1.545613236285430514e-01 0.000000000000000000e+00 0.000000000000000000e+00
0.000000000000000000e+00 1.744444444444444287e+01 1.240000000000000000e+02 2.927724691358024600e+00 4.771079324773189884e-02 0.000000000000000000e+00 0.000000000000000000e+00
0.000000000000000000e+00 1.704938271604938294e+01 4.300000000000000000e+01 1.384772580246913520e+00 9.900397797378457376e-02 0.000000000000000000e+00 0.000000000000000000e+00
0.000000000000000000e+00 3.445679012345679126e+01 9.600000000000000000e+01 1.797796530864197662e+00 1.531396815487938989e-01 0.000000000000000000e+00 0.000000000000000000e+00
0.000000000000000000e+00 1.797530864197531031e+01 1.810000000000000000e+02 2.985886419753086329e+00 4.815946527319293208e-02 0.000000000000000000e+00 0.000000000000000000e+00
0.000000000000000000e+00 2.023456790123456628e+01 6.300000000000000000e+01 1.601707679012345897e+00 1.008017264152115955e-01 0.000000000000000000e+00 0.000000000000000000e+00
0.000000000000000000e+00 4.802469135802468969e+01 1.750000000000000000e+02 2.504841888888889034e+00 1.534218052537174859e-01 0.000000000000000000e+00 0.000000000000000000e+00
0.000000000000000000e+00 1.903703703703703809e+01 1.990000000000000000e+02 2.994828395061728710e+00 5.085955278575036986e-02 0.000000000000000000e+00 0.000000000000000000e+00
0.000000000000000000e+00 3.609876543209876587e+01 1.700000000000000000e+02 2.889258160493826999e+00 9.996765074125336936e-02 0.000000000000000000e+00 0.000000000000000000e+00
0.000000000000000000e+00 4.002469135802468969e+01 1.180000000000000000e+02 2.022586419753086506e+00 1.587708847924425848e-01 0.000000000000000000e+00 0.000000000000000000e+00
0.000000000000000000e+00 1.517283950617284027e+01 5.900000000000000000e+01 2.283825925925925482e+00 5.304814980929576512e-02 0.000000000000000000e+00 0.000000000000000000e+00
0.000000000000000000e+00 2.198765432098765515e+01 6.900000000000000000e+01 1.658093061728394879e+00 1.061579916952286734e-01 0.000000000000000000e+00 0.000000000000000000e+00
0.000000000000000000e+00 2.891358024691357897e+01 6.700000000000000000e+01 1.454190123456789996e+00 1.592467469627565357e-01 0.000000000000000000e+00 0.000000000000000000e+00
0.000000000000000000e+00 1.424691358024691290e+01 6.000000000000000000e+01 2.114155111111111207e+00 5.386050798914914645e-02 0.000000000000000000e+00 0.000000000000000000e+00
0.000000000000000000e+00 9.185185185185185119e+00 1.400000000000000000e+01 8.271883827160493308e-01 8.749334267111018304e-02 0.000000000000000000e+00 0.000000000000000000e+00
0.000000000000000000e+00 3.548148148148148096e+01 1.050000000000000000e+02 1.835454679012345602e+00 1.545541425664132551e-01 0.000000000000000000e+00 0.000000000000000000e+00
0.000000000000000000e+00 1.350617283950617242e+01 5.600000000000000000e+01 2.107923456790123051e+00 5.127859419104016658e-02 0.000000000000000000e+00 0.000000000000000000e+00
0.000000000000000000e+00 1.072839506172839563e+01 2.000000000000000000e+01 9.181402185185184583e-01 9.398189681838939324e-02 0.000000000000000000e+00 0.000000000000000000e+00
0.000000000000000000e+00 5.360493827160493652e+01 2.000000000000000000e+02 2.875035345679012089e+00 1.492089777156642705e-01 0.000000000000000000e+00 0.000000000000000000e+00
0.000000000000000000e+00 1.843209876543209802e+01 1.990000000000000000e+02 2.991681851851851981e+00 4.929505881381408827e-02 0.000000000000000000e+00 0.000000000000000000e+00
0.000000000000000000e+00 2.809876543209876587e+01 9.500000000000000000e+01 2.114909876543209943e+00 1.062593882058977812e-01 0.000000000000000000e+00 0.000000000000000000e+00
0.000000000000000000e+00 3.786419753086419604e+01 1.160000000000000000e+02 1.975040493827160626e+00 1.534976267118448590e-01 0.000000000000000000e+00 0.000000000000000000e+00
0.000000000000000000e+00 1.844444444444444287e+01 1.900000000000000000e+02 2.989958358024691343e+00 4.935614632323188922e-02 0.000000000000000000e+00 0.000000000000000000e+00
0.000000000000000000e+00 2.222222222222222143e+01 6.900000000000000000e+01 1.695292345679012325e+00 1.049721687000255144e-01 0.000000000000000000e+00 0.000000000000000000e+00
0.000000000000000000e+00 2.138271604938271508e+01 4.600000000000000000e+01 1.183268411111110918e+00 1.441388251683326516e-01 0.000000000000000000e+00 0.000000000000000000e+00
0.000000000000000000e+00 3.629629629629629761e+00 3.000000000000000000e+00 7.179886172839504699e-01 4.009332338065500767e-02 0.000000000000000000e+00 0.000000000000000000e+00
0.000000000000000000e+00 1.440740740740740655e+01 3.600000000000000000e+01 1.190969095061728433e+00 9.709251598348855872e-02 0.000000000000000000e+00 0.000000000000000000e+00
0.000000000000000000e+00 3.790123456790123413e+01 1.160000000000000000e+02 1.983758185185185319e+00 1.528861205069332041e-01 0.000000000000000000e+00 0.000000000000000000e+00
0.000000000000000000e+00 1.792592592592592737e+01 1.230000000000000000e+02 2.949842746913580172e+00 4.864932405122645437e-02 0.000000000000000000e+00 0.000000000000000000e+00
0.000000000000000000e+00 2.275308641975308532e+01 7.600000000000000000e+01 1.771191358024691409e+00 1.031494311107996331e-01 0.000000000000000000e+00 0.000000000000000000e+00
0.000000000000000000e+00 1.823456790123456628e+01 3.300000000000000000e+01 1.025340259259259312e+00 1.419132564121561302e-01 0.000000000000000000e+00 0.000000000000000000e+00
0.000000000000000000e+00 1.819753086419753174e+01 1.620000000000000000e+02 2.981117469135802445e+00 4.883377268761255469e-02 0.000000000000000000e+00 0.000000000000000000e+00
0.000000000000000000e+00 2.369135802469135754e+01 8.000000000000000000e+01 1.841508630864197249e+00 1.029368735357059222e-01 0.000000000000000000e+00 0.000000000000000000e+00
0.000000000000000000e+00 3.603703703703703809e+01 1.110000000000000000e+02 1.846020898765432294e+00 1.560466156895939094e-01 0.000000000000000000e+00 0.000000000000000000e+00
0.000000000000000000e+00 1.864197530864197461e+01 1.870000000000000000e+02 2.987533333333333374e+00 4.992089780211609457e-02 0.000000000000000000e+00 0.000000000000000000e+00
0.000000000000000000e+00 2.959259259259259167e+01 1.100000000000000000e+02 2.247298765432098833e+00 1.054544079895893965e-01 0.000000000000000000e+00 0.000000000000000000e+00
0.000000000000000000e+00 1.440740740740740655e+01 2.400000000000000000e+01 8.600660580246913822e-01 1.337543962501536177e-01 0.000000000000000000e+00 0.000000000000000000e+00
0.000000000000000000e+00 1.065432098765432123e+01 4.000000000000000000e+01 1.694450061728395296e+00 5.050743739820118955e-02 0.000000000000000000e+00 0.000000000000000000e+00
0.000000000000000000e+00 2.219753086419753174e+01 6.400000000000000000e+01 1.701165229629629350e+00 1.046446458035264482e-01 0.000000000000000000e+00 0.000000000000000000e+00
0.000000000000000000e+00 4.448148148148148096e+01 1.400000000000000000e+02 2.254566666666666830e+00 1.579389997540009138e-01 0.000000000000000000e+00 0.000000000000000000e+00
0.000000000000000000e+00 1.780246913580246826e+01 1.160000000000000000e+02 2.918761728395061983e+00 4.880357596114094643e-02 0.000000000000000000e+00 0.000000000000000000e+00
0.000000000000000000e+00 3.460493827160493652e+01 1.500000000000000000e+02 2.780217283950617624e+00 9.966182928210205738e-02 0.000000000000000000e+00 0.000000000000000000e+00
0.000000000000000000e+00 4.219753086419753174e+01 1.350000000000000000e+02 2.210268271604938217e+00 1.525871362522458197e-01 0.000000000000000000e+00 0.000000000000000000e+00
0.000000000000000000e+00 7.765432098765431945e+00 2.000000000000000000e+01 1.262490493827160387e+00 4.998523784831007677e-02 0.000000000000000000e+00 0.000000000000000000e+00
0.000000000000000000e+00 1.706172839506172778e+01 4.300000000000000000e+01 1.353056835679012249e+00 1.006650079511819673e-01 0.000000000000000000e+00 0.000000000000000000e+00
0.000000000000000000e+00 1.025925925925925952e+01 1.200000000000000000e+01 6.572762851851851051e-01 1.252043259288738442e-01 0.000000000000000000e+00 0.000000000000000000e+00
0.000000000000000000e+00 1.425925925925925952e+01 5.500000000000000000e+01 2.225869780246913177e+00 5.157865049814365499e-02 0.000000000000000000e+00 0.000000000000000000e+00
0.000000000000000000e+00 1.097530864197530853e+01 2.200000000000000000e+01 9.720612209876542398e-01 9.041779117437170887e-02 0.000000000000000000e+00 0.000000000000000000e+00
0.000000000000000000e+00 4.954320987654320874e+01 1.690000000000000000e+02 2.521335802469135690e+00 1.572299460761850121e-01 0.000000000000000000e+00 0.000000000000000000e+00
0.000000000000000000e+00 7.592592592592592560e+00 2.500000000000000000e+01 1.310297024691357892e+00 4.627266333612205934e-02 0.000000000000000000e+00 0.000000000000000000e+00
0.000000000000000000e+00 2.240740740740740833e+01 6.700000000000000000e+01 1.634466493827160471e+00 1.095923464399637670e-01 0.000000000000000000e+00 0.000000000000000000e+00
0.000000000000000000e+00 3.367901234567901270e+01 9.100000000000000000e+01 1.767647790123456852e+00 1.523612055518786257e-01 0.000000000000000000e+00 0.000000000000000000e+00
0.000000000000000000e+00 1.796296296296296191e+01 1.830000000000000000e+02 2.993793592592592478e+00 4.800341683790249059e-02 0.000000000000000000e+00 0.000000000000000000e+00
0.000000000000000000e+00 3.635802469135802539e+01 1.770000000000000000e+02 2.933004350617284040e+00 9.918415687151575788e-02 0.000000000000000000e+00 0.000000000000000000e+00
0.000000000000000000e+00 2.119753086419753174e+01 4.600000000000000000e+01 1.151218888888888792e+00 1.476362742299514308e-01 0.000000000000000000e+00 0.000000000000000000e+00
0.000000000000000000e+00 1.823456790123456628e+01 1.370000000000000000e+02 2.962195717283949925e+00 4.927326502446795903e-02 0.000000000000000000e+00 0.000000000000000000e+00
0.000000000000000000e+00 2.355555555555555713e+01 7.800000000000000000e+01 1.798549259259259347e+00 1.049824080126098708e-01 0.000000000000000000e+00 0.000000000000000000e+00
0.000000000000000000e+00 2.513580246913580396e+01 5.400000000000000000e+01 1.289854999999999974e+00 1.560764971972002646e-01 0.000000000000000000e+00 0.000000000000000000e+00
0.000000000000000000e+00 3.925925925925926041e+00 3.000000000000000000e+00 6.963865098765431583e-01 4.556481702497202496e-02 0.000000000000000000e+00 0.000000000000000000e+00
0.000000000000000000e+00 3.464197530864197461e+01 1.660000000000000000e+02 2.836893827160493764e+00 9.767649014342573432e-02 0.000000000000000000e+00 0.000000000000000000e+00
0.000000000000000000e+00 7.358024691358024505e+00 7.000000000000000000e+00 5.148058160493826918e-01 1.143273567947202113e-01 0.000000000000000000e+00 0.000000000000000000e+00
0.000000000000000000e+00 1.864197530864197461e+01 1.440000000000000000e+02 2.961916851851851717e+00 5.036592020426958194e-02 0.000000000000000000e+00 0.000000000000000000e+00
0.000000000000000000e+00 2.407407407407407263e+01 7.500000000000000000e+01 1.877488148148148017e+00 1.025786347757214056e-01 0.000000000000000000e+00 0.000000000000000000e+00
0.000000000000000000e+00 4.766666666666666430e+01 1.640000000000000000e+02 2.516233925925925874e+00 1.516958024509526826e-01 0.000000000000000000e+00 0.000000000000000000e+00
0.000000000000000000e+00 4.839506172839506348e+00 1.000000000000000000e+01 9.262350370370371344e-01 4.141364553351575134e-02 0.000000000000000000e+00 0.000000000000000000e+00
0.000000000000000000e+00 3.033333333333333215e+01 1.200000000000000000e+02 2.350005925925925609e+00 1.033495513312205905e-01 0.000000000000000000e+00 0.000000000000000000e+00
0.000000000000000000e+00 2.359259259259259167e+01 4.900000000000000000e+01 1.246571740740741063e+00 1.513569932090897407e-01 0.000000000000000000e+00 0.000000000000000000e+00
0.000000000000000000e+00 1.839506172839506348e+01 1.940000000000000000e+02 2.991513580246913495e+00 4.919985755031576480e-02 0.000000000000000000e+00 0.000000000000000000e+00
0.000000000000000000e+00 3.555555555555555713e+01 1.600000000000000000e+02 2.828487654320987588e+00 1.005827361588071955e-01 0.000000000000000000e+00 0.000000000000000000e+00
0.000000000000000000e+00 1.998765432098765515e+01 4.100000000000000000e+01 1.110134567901234659e+00 1.440122425662592465e-01 0.000000000000000000e+00 0.000000000000000000e+00
0.000000000000000000e+00 1.802469135802468969e+01 9.200000000000000000e+01 2.719503703703703756e+00 5.309307047887303066e-02 0.000000000000000000e+00 0.000000000000000000e+00
0.000000000000000000e+00 3.627160493827160792e+01 1.650000000000000000e+02 2.919358810740740662e+00 9.950907312811675676e-02 0.000000000000000000e+00 0.000000000000000000e+00
0.000000000000000000e+00 5.240740740740740478e+01 1.860000000000000000e+02 2.776949358024691783e+00 1.510923301689973963e-01 0.000000000000000000e+00 0.000000000000000000e+00
0.000000000000000000e+00 1.865432098765431945e+01 1.690000000000000000e+02 2.983553086419753253e+00 5.003451127563229850e-02 0.000000000000000000e+00 0.000000000000000000e+00
0.000000000000000000e+00 3.561728395061728492e+01 1.820000000000000000e+02 2.935137654320987277e+00 9.705159047528605365e-02 0.000000000000000000e+00 0.000000000000000000e+00
0.000000000000000000e+00 3.179012345679012341e+01 8.600000000000000000e+01 1.614395170370370058e+00 1.576457309963664732e-01 0.000000000000000000e+00 0.000000000000000000e+00
0.000000000000000000e+00 1.833333333333333215e+01 1.650000000000000000e+02 2.988106888888889312e+00 4.908515072302344767e-02 0.000000000000000000e+00 0.000000000000000000e+00
0.000000000000000000e+00 3.296296296296296191e+01 1.470000000000000000e+02 2.734613185185184925e+00 9.658756408955394834e-02 0.000000000000000000e+00 0.000000000000000000e+00
0.000000000000000000e+00 3.024691358024691468e+01 7.400000000000000000e+01 1.598723209876543150e+00 1.514070392851310232e-01 0.000000000000000000e+00 0.000000000000000000e+00
0.000000000000000000e+00 1.922222222222222143e+01 1.920000000000000000e+02 2.985790049382716305e+00 5.151375361385773094e-02 0.000000000000000000e+00 0.000000000000000000e+00
0.000000000000000000e+00 2.545679012345679126e+01 8.200000000000000000e+01 1.934229753086419645e+00 1.055053562898480846e-01 0.000000000000000000e+00 0.000000000000000000e+00
0.000000000000000000e+00 5.034567901234567699e+01 1.800000000000000000e+02 2.664448148148148121e+00 1.511831523424072565e-01 0.000000000000000000e+00 0.000000000000000000e+00
0.000000000000000000e+00 1.203703703703703631e+01 4.200000000000000000e+01 1.795871802469135581e+00 5.391415631198727410e-02 0.000000000000000000e+00 0.000000000000000000e+00
0.000000000000000000e+00 2.865432098765431945e+01 1.060000000000000000e+02 2.220690148148148246e+00 1.034135537265990085e-01 0.000000000000000000e+00 0.000000000000000000e+00
0.000000000000000000e+00 5.103703703703703809e+01 1.820000000000000000e+02 2.661937037037037435e+00 1.533125169841972890e-01 0.000000000000000000e+00 0.000000000000000000e+00
0.000000000000000000e+00 1.683950617283950635e+01 9.300000000000000000e+01 2.750214185185185123e+00 4.904120014300118735e-02 0.000000000000000000e+00 0.000000000000000000e+00
0.000000000000000000e+00 9.580246913580246826e+00 1.600000000000000000e+01 8.618753827160494652e-01 8.885622581197931413e-02 0.000000000000000000e+00 0.000000000000000000e+00
0.000000000000000000e+00 1.719753086419753174e+01 3.300000000000000000e+01 9.947136543209875725e-01 1.389724319304747047e-01 0.000000000000000000e+00 0.000000000000000000e+00
0.000000000000000000e+00 1.834567901234568055e+01 1.570000000000000000e+02 2.981597716049382729e+00 4.923713812988128602e-02 0.000000000000000000e+00 0.000000000000000000e+00
0.000000000000000000e+00 2.501234567901234485e+01 8.400000000000000000e+01 1.902803827160494121e+00 1.051848803403123839e-01 0.000000000000000000e+00 0.000000000000000000e+00
0.000000000000000000e+00 3.470370370370370239e+01 9.500000000000000000e+01 1.732480246913580491e+00 1.601239775891337980e-01 0.000000000000000000e+00 0.000000000000000000e+00
0.000000000000000000e+00 1.762962962962962976e+01 1.580000000000000000e+02 2.987582716049382636e+00 4.720908900392137980e-02 0.000000000000000000e+00 0.000000000000000000e+00
0.000000000000000000e+00 7.666666666666666963e+00 1.000000000000000000e+01 7.138868148148148629e-01 8.632985665529237240e-02 0.000000000000000000e+00 0.000000000000000000e+00
0.000000000000000000e+00 4.548148148148148096e+01 1.460000000000000000e+02 2.292430197530864078e+00 1.588823644129112311e-01 0.000000000000000000e+00 0.000000000000000000e+00
0.000000000000000000e+00 1.762962962962962976e+01 1.800000000000000000e+02 2.986291975308642321e+00 4.724078326989718246e-02 0.000000000000000000e+00 0.000000000000000000e+00
0.000000000000000000e+00 2.435802469135802539e+01 8.300000000000000000e+01 1.920150617283950423e+00 1.015267834498613103e-01 0.000000000000000000e+00 0.000000000000000000e+00
0.000000000000000000e+00 1.449382716049382758e+01 2.400000000000000000e+01 8.325447530864198420e-01 1.394833866014937307e-01 0.000000000000000000e+00 0.000000000000000000e+00
0.000000000000000000e+00 1.682716049382716150e+01 9.400000000000000000e+01 2.740983086419752635e+00 4.918468647842117597e-02 0.000000000000000000e+00 0.000000000000000000e+00
0.000000000000000000e+00 3.569135802469136109e+01 1.860000000000000000e+02 2.959296296296296536e+00 9.652393031280348534e-02 0.000000000000000000e+00 0.000000000000000000e+00
0.000000000000000000e+00 5.180246913580246826e+01 1.810000000000000000e+02 2.685339506172839563e+00 1.543310123757953012e-01 0.000000000000000000e+00 0.000000000000000000e+00
0.000000000000000000e+00 8.530864197530863891e+00 2.400000000000000000e+01 1.354750864197530769e+00 5.078255701647560461e-02 0.000000000000000000e+00 0.000000000000000000e+00
0.000000000000000000e+00 3.429629629629629761e+01 1.590000000000000000e+02 2.779475802469135726e+00 9.880961338534542671e-02 0.000000000000000000e+00 0.000000000000000000e+00
0.000000000000000000e+00 3.912345679012345556e+01 1.160000000000000000e+02 1.957376543209876640e+00 1.600011997349379544e-01 0.000000000000000000e+00 0.000000000000000000e+00
0.000000000000000000e+00 1.896296296296296191e+01 1.810000000000000000e+02 2.986092592592592521e+00 5.081346273916996503e-02 0.000000000000000000e+00 0.000000000000000000e+00
0.000000000000000000e+00 2.432098765432098730e+01 8.000000000000000000e+01 1.892875061728394925e+00 1.028699589582312418e-01 0.000000000000000000e+00 0.000000000000000000e+00
0.000000000000000000e+00 1.634567901234568055e+01 3.200000000000000000e+01 9.387909497530865233e-01 1.401839531144813134e-01 0.000000000000000000e+00 0.000000000000000000e+00
