cl_diff|stiffness|viscosity|cl_number|time_step|nb_steps|nb_frames|occup|overlap_length
0.043|250|0.01|137|1e-05|1500000|100|0.1|10.9930856526
0.043|250|0.01|161|1e-05|1500000|100|0.1|12.9539866051
0.043|250|0.01|67|1e-05|1500000|100|0.1|5.42260047283
0.043|250|0.01|29|1e-05|1500000|100|0.1|2.35431379352
0.043|250|0.01|25|1e-05|1500000|100|0.1|2.01516327236
0.043|250|0.01|146|1e-05|1500000|100|0.1|11.7362670883
0.043|250|0.01|39|1e-05|1500000|100|0.1|3.12271602759
0.043|250|0.01|128|1e-05|1500000|100|0.1|10.254479073
0.043|250|0.01|141|1e-05|1500000|100|0.1|11.2945849617
0.043|250|0.01|149|1e-05|1500000|100|0.1|11.9966411025
0.043|250|0.01|14|1e-05|1500000|100|0.1|1.141185432
0.043|250|0.01|18|1e-05|1500000|100|0.1|1.46306072135
0.043|250|0.01|124|1e-05|1500000|100|0.1|9.93672903799
0.043|250|0.01|135|1e-05|1500000|100|0.1|10.8083710942
0.043|250|0.01|154|1e-05|1500000|100|0.1|12.3572713655
0.043|250|0.01|96|1e-05|1500000|100|0.1|7.75249385581
0.043|250|0.01|81|1e-05|1500000|100|0.1|6.52047954416
0.043|250|0.01|126|1e-05|1500000|100|0.1|10.085881592
0.043|250|0.01|30|1e-05|1500000|100|0.1|2.43019134846
0.043|250|0.01|7|1e-05|1500000|100|0.1|0.574440913784
0.043|250|0.01|51|1e-05|1500000|100|0.1|4.09710456742
0.043|250|0.01|109|1e-05|1500000|100|0.1|8.79470132937
0.043|250|0.01|146|1e-05|1500000|100|0.1|11.6861869031
0.043|250|0.01|156|1e-05|1500000|100|0.1|12.5554086133
0.043|250|0.01|90|1e-05|1500000|100|0.1|7.24261728129
0.043|250|0.01|69|1e-05|1500000|100|0.1|5.55647574722
0.043|250|0.01|101|1e-05|1500000|100|0.1|8.10485173251
0.043|250|0.01|96|1e-05|1500000|100|0.1|7.75586599201
0.043|250|0.01|36|1e-05|1500000|100|0.1|2.89945746993
0.043|250|0.01|79|1e-05|1500000|100|0.1|6.37440889829
0.043|250|0.01|58|1e-05|1500000|100|0.1|4.67799184644
0.043|250|0.01|12|1e-05|1500000|100|0.1|0.974827927453
0.043|250|0.01|181|1e-05|1500000|100|0.1|14.5101389387
0.043|250|0.01|167|1e-05|1500000|100|0.1|13.3823284277
0.043|250|0.01|182|1e-05|1500000|100|0.1|14.6278485254
0.043|250|0.01|115|1e-05|1500000|100|0.1|9.24810677355
0.043|250|0.01|160|1e-05|1500000|100|0.1|12.8594379764
0.043|250|0.01|24|1e-05|1500000|100|0.1|1.98472075205
0.043|250|0.01|12|1e-05|1500000|100|0.1|1.02432504306
0.043|250|0.01|63|1e-05|1500000|100|0.1|5.05919457942
0.043|250|0.01|56|1e-05|1500000|100|0.1|4.50996241356
0.043|250|0.01|25|1e-05|1500000|100|0.1|2.03180671637
0.043|250|0.01|107|1e-05|1500000|100|0.1|8.63108206494
0.043|250|0.01|147|1e-05|1500000|100|0.1|11.8204045317
0.043|250|0.01|80|1e-05|1500000|100|0.1|6.42305431886
0.043|250|0.01|49|1e-05|1500000|100|0.1|3.99020663706
0.043|250|0.01|164|1e-05|1500000|100|0.1|13.127005414
0.043|250|0.01|33|1e-05|1500000|100|0.1|2.69002243758
0.043|250|0.01|29|1e-05|1500000|100|0.1|2.32615598878
0.043|250|0.01|128|1e-05|1500000|100|0.1|10.3152623389
0.043|250|0.01|64|1e-05|1500000|100|0.1|5.15671841944
0.043|250|0.01|141|1e-05|1500000|100|0.1|11.3013300992
0.043|250|0.01|91|1e-05|1500000|100|0.1|7.293830544
0.043|250|0.01|42|1e-05|1500000|100|0.1|3.38887936507
0.043|250|0.01|10|1e-05|1500000|100|0.1|0.821000248696
0.043|250|0.01|28|1e-05|1500000|100|0.1|2.29077627044
0.043|250|0.01|152|1e-05|1500000|100|0.1|12.2061137965
0.043|250|0.01|67|1e-05|1500000|100|0.1|5.40869880748
0.043|250|0.01|79|1e-05|1500000|100|0.1|6.36196036846
0.043|250|0.01|16|1e-05|1500000|100|0.1|1.35569132813
0.043|250|0.01|52|1e-05|1500000|100|0.1|4.16736064512
0.043|250|0.01|137|1e-05|1500000|100|0.1|11.011613853
0.043|250|0.01|135|1e-05|1500000|100|0.1|10.8741084577
0.043|250|0.01|14|1e-05|1500000|100|0.1|1.17616158733
0.043|250|0.01|173|1e-05|1500000|100|0.1|13.9191791814
0.043|250|0.01|60|1e-05|1500000|100|0.1|4.81219096305
0.043|250|0.01|114|1e-05|1500000|100|0.1|9.13296936508
0.043|250|0.01|132|1e-05|1500000|100|0.1|10.5612494432
0.043|250|0.01|50|1e-05|1500000|100|0.1|4.00408138751
0.043|250|0.01|127|1e-05|1500000|100|0.1|10.227826386
0.043|250|0.01|72|1e-05|1500000|100|0.1|5.82980285882
0.043|250|0.01|60|1e-05|1500000|100|0.1|4.81320552026
0.043|250|0.01|104|1e-05|1500000|100|0.1|8.35742063683
0.043|250|0.01|121|1e-05|1500000|100|0.1|9.75643085931
0.043|250|0.01|150|1e-05|1500000|100|0.1|12.0792683686
0.043|250|0.01|124|1e-05|1500000|100|0.1|9.95046777516
0.043|250|0.01|133|1e-05|1500000|100|0.1|10.7038434444
0.043|250|0.01|133|1e-05|1500000|100|0.1|10.7034207279
0.043|250|0.01|15|1e-05|1500000|100|0.1|1.27723892171
0.043|250|0.01|138|1e-05|1500000|100|0.1|11.0687455365
0.043|250|0.01|117|1e-05|1500000|100|0.1|9.43463099145
0.043|250|0.01|59|1e-05|1500000|100|0.1|4.74764840238
0.043|250|0.01|24|1e-05|1500000|100|0.1|1.98680138302
0.043|250|0.01|113|1e-05|1500000|100|0.1|9.06528185584
0.043|250|0.01|122|1e-05|1500000|100|0.1|9.78195974245
0.043|250|0.01|101|1e-05|1500000|100|0.1|8.09720915685
0.043|250|0.01|116|1e-05|1500000|100|0.1|9.28631595038
0.043|250|0.01|90|1e-05|1500000|100|0.1|7.27543964499
0.043|250|0.01|100|1e-05|1500000|100|0.1|8.04987429006
0.043|250|0.01|115|1e-05|1500000|100|0.1|9.23799508441
0.043|250|0.01|72|1e-05|1500000|100|0.1|5.79757179398
0.043|250|0.01|143|1e-05|1500000|100|0.1|11.481148583
0.043|250|0.01|26|1e-05|1500000|100|0.1|2.15394693244
0.043|250|0.01|22|1e-05|1500000|100|0.1|1.83700171243
0.043|250|0.01|10|1e-05|1500000|100|0.1|0.853633781566
0.043|250|0.01|97|1e-05|1500000|100|0.1|7.81988665067
0.043|250|0.01|119|1e-05|1500000|100|0.1|9.59119601616
0.043|250|0.01|171|1e-05|1500000|100|0.1|13.7163814048
0.043|250|0.01|21|1e-05|1500000|100|0.1|1.75841683619
0.043|250|0.01|83|1e-05|1500000|100|0.1|6.69305235097
0.043|250|0.01|43|1e-05|1500000|100|0.1|3.45715385971
0.043|250|0.01|111|1e-05|1500000|100|0.1|8.95582810624
0.043|250|0.01|119|1e-05|1500000|100|0.1|9.56164960054
0.043|250|0.01|110|1e-05|1500000|100|0.1|8.85181429494
0.043|250|0.01|73|1e-05|1500000|100|0.1|5.88638888912
0.043|250|0.01|132|1e-05|1500000|100|0.1|10.5706449319
0.043|250|0.01|7|1e-05|1500000|100|0.1|0.621490010499
0.043|250|0.01|111|1e-05|1500000|100|0.1|8.92086968319
0.043|250|0.01|128|1e-05|1500000|100|0.1|10.3109190261
0.043|250|0.01|148|1e-05|1500000|100|0.1|11.8556706033
0.043|250|0.01|20|1e-05|1500000|100|0.1|1.60285958036
0.043|250|0.01|54|1e-05|1500000|100|0.1|4.32976768004
0.043|250|0.01|46|1e-05|1500000|100|0.1|3.69249825387
0.043|250|0.01|182|1e-05|1500000|100|0.1|14.609357892
0.043|250|0.01|36|1e-05|1500000|100|0.1|2.93891377548
0.043|250|0.01|145|1e-05|1500000|100|0.1|11.6361708539
0.043|250|0.01|169|1e-05|1500000|100|0.1|13.5413627324
0.043|250|0.01|78|1e-05|1500000|100|0.1|6.27027525909
0.043|250|0.01|59|1e-05|1500000|100|0.1|4.77259071327
0.043|250|0.01|164|1e-05|1500000|100|0.1|13.1719141258
0.043|250|0.01|84|1e-05|1500000|100|0.1|6.77854497412
0.043|250|0.01|12|1e-05|1500000|100|0.1|0.97002448832
0.043|250|0.01|22|1e-05|1500000|100|0.1|1.78252671288
0.043|250|0.01|128|1e-05|1500000|100|0.1|10.2848015421
0.043|250|0.01|36|1e-05|1500000|100|0.1|2.94340165667
0.043|250|0.01|11|1e-05|1500000|100|0.1|0.921745106671
0.043|250|0.01|162|1e-05|1500000|100|0.1|13.036053826
0.043|250|0.01|21|1e-05|1500000|100|0.1|1.68046390939
0.043|250|0.01|31|1e-05|1500000|100|0.1|2.48443370323
0.043|250|0.01|134|1e-05|1500000|100|0.1|10.7874551416
0.043|250|0.01|77|1e-05|1500000|100|0.1|6.22259621425
0.043|250|0.01|46|1e-05|1500000|100|0.1|3.74656767553
0.043|250|0.01|152|1e-05|1500000|100|0.1|12.1859951044
0.043|250|0.01|72|1e-05|1500000|100|0.1|5.83728215304
0.043|250|0.01|62|1e-05|1500000|100|0.1|5.02890406523
0.043|250|0.01|167|1e-05|1500000|100|0.1|13.4353599187
0.043|250|0.01|121|1e-05|1500000|100|0.1|9.71092583735
0.043|250|0.01|176|1e-05|1500000|100|0.1|14.0953793142
0.043|250|0.01|157|1e-05|1500000|100|0.1|12.5652441145
0.043|250|0.01|120|1e-05|1500000|100|0.1|9.60335796749
0.043|250|0.01|78|1e-05|1500000|100|0.1|6.24212044923
0.043|250|0.01|96|1e-05|1500000|100|0.1|7.69487199895
0.043|250|0.01|79|1e-05|1500000|100|0.1|6.32802329317
0.043|250|0.01|82|1e-05|1500000|100|0.1|6.58513231386
0.043|250|0.01|80|1e-05|1500000|100|0.1|6.41940277814
0.043|250|0.01|19|1e-05|1500000|100|0.1|1.56925231568
0.043|250|0.01|109|1e-05|1500000|100|0.1|8.74867487051
0.043|250|0.01|118|1e-05|1500000|100|0.1|9.48242453746
0.043|250|0.01|8|1e-05|1500000|100|0.1|0.714546245074
0.043|250|0.01|58|1e-05|1500000|100|0.1|4.69577352185
0.043|250|0.01|183|1e-05|1500000|100|0.1|14.7145438359
0.043|250|0.01|146|1e-05|1500000|100|0.1|11.7502617084
0.043|250|0.01|100|1e-05|1500000|100|0.1|8.04625370502
0.043|250|0.01|178|1e-05|1500000|100|0.1|14.2639301624
0.043|250|0.01|171|1e-05|1500000|100|0.1|13.7459927678
0.043|250|0.01|153|1e-05|1500000|100|0.1|12.2756346363
0.043|250|0.01|169|1e-05|1500000|100|0.1|13.5984690813
0.043|250|0.01|51|1e-05|1500000|100|0.1|4.15467545834
0.043|250|0.01|58|1e-05|1500000|100|0.1|4.67709418813
0.043|250|0.01|47|1e-05|1500000|100|0.1|3.79744138847
0.043|250|0.01|95|1e-05|1500000|100|0.1|7.60471452666
0.043|250|0.01|73|1e-05|1500000|100|0.1|5.91600141741
0.043|250|0.01|33|1e-05|1500000|100|0.1|2.70289816829
0.043|250|0.01|37|1e-05|1500000|100|0.1|3.03048546384
0.043|250|0.01|179|1e-05|1500000|100|0.1|14.3551410099
0.043|250|0.01|49|1e-05|1500000|100|0.1|3.97052272116
0.043|250|0.01|149|1e-05|1500000|100|0.1|11.9771614274
0.043|250|0.01|24|1e-05|1500000|100|0.1|1.97872572981
0.043|250|0.01|35|1e-05|1500000|100|0.1|2.85999698695
0.043|250|0.01|113|1e-05|1500000|100|0.1|9.09807745773
0.043|250|0.01|27|1e-05|1500000|100|0.1|2.19462154377
0.043|250|0.01|175|1e-05|1500000|100|0.1|14.0549396891
0.043|250|0.01|87|1e-05|1500000|100|0.1|6.98400534687
0.043|250|0.01|70|1e-05|1500000|100|0.1|5.60595478794
0.043|250|0.01|92|1e-05|1500000|100|0.1|7.40522227315
0.043|250|0.01|83|1e-05|1500000|100|0.1|6.64803622277
0.043|250|0.01|47|1e-05|1500000|100|0.1|3.81756125141
0.043|250|0.01|146|1e-05|1500000|100|0.1|11.720049105
0.043|250|0.01|129|1e-05|1500000|100|0.1|10.3613167854
0.043|250|0.01|64|1e-05|1500000|100|0.1|5.13221848277
0.043|250|0.01|21|1e-05|1500000|100|0.1|1.75065476777
0.043|250|0.01|115|1e-05|1500000|100|0.1|9.2523526778
0.043|250|0.01|170|1e-05|1500000|100|0.1|13.6216216732
0.043|250|0.01|140|1e-05|1500000|100|0.1|11.2620216648
0.043|250|0.01|171|1e-05|1500000|100|0.1|13.7445055066
0.043|250|0.01|106|1e-05|1500000|100|0.1|8.54822695326
0.043|250|0.01|143|1e-05|1500000|100|0.1|11.5192829423
0.043|250|0.01|93|1e-05|1500000|100|0.1|7.51137768187
0.043|250|0.01|32|1e-05|1500000|100|0.1|2.61167338935
0.043|250|0.01|87|1e-05|1500000|100|0.1|7.02238314459
0.043|250|0.01|155|1e-05|1500000|100|0.1|12.4670328501
0.043|250|0.01|113|1e-05|1500000|100|0.1|9.10136748282
0.043|250|0.01|81|1e-05|1500000|100|0.1|6.53201839869
0.043|250|0.01|8|1e-05|1500000|100|0.1|0.655663352397
0.043|250|0.01|6|1e-05|1500000|100|0.1|0.505391024628
0.043|250|0.01|50|1e-05|1500000|100|0.1|4.0745209487
0.043|250|0.01|33|1e-05|1500000|100|0.1|2.66062010291
0.043|250|0.01|85|1e-05|1500000|100|0.1|6.83799142984
0.043|250|0.01|85|1e-05|1500000|100|0.1|6.84670358843
0.043|250|0.01|134|1e-05|1500000|100|0.1|10.7493797115
