couple_diff
5.706879999999973224e-03
5.422591999999972628e-03
5.217279999999973467e-03
5.436351999999972442e-03
4.962367999999973099e-03
4.859647999999974245e-03
5.049407999999974000e-03
4.964415999999973253e-03
4.752703999999974803e-03
4.454783999999975541e-03
4.421311999999975005e-03
4.844479999999973946e-03
4.400191999999974665e-03
4.693887999999973339e-03
4.716415999999974164e-03
4.234303999999975213e-03
3.928831999999975871e-03
3.994687999999975425e-03
4.305471999999975138e-03
4.087039999999974964e-03
4.105663999999975035e-03
3.759423999999976073e-03
3.992383999999975577e-03
3.627583999999975817e-03
3.593087999999976072e-03
3.749311999999976018e-03
3.891711999999975576e-03
3.600063999999975756e-03
3.344191999999976753e-03
3.340095999999976879e-03
3.533567999999976533e-03
3.572351999999976574e-03
3.564799999999976928e-03
3.215423999999977162e-03
3.157631999999977509e-03
3.163455999999977269e-03
3.080895999999977951e-03
2.843967999999977986e-03
2.896319999999977853e-03
2.934463999999977792e-03
2.860799999999978031e-03
2.830463999999978299e-03
2.792191999999978080e-03
2.699391999999978860e-03
2.485375999999979262e-03
2.564991999999979497e-03
2.675327999999978570e-03
2.412479999999979450e-03
2.540479999999979525e-03
2.494463999999979240e-03
5.739583999999972076e-03
5.924351999999972161e-03
5.743999999999972218e-03
5.834943999999972139e-03
5.801791999999972305e-03
5.844095999999971390e-03
5.254079999999972626e-03
6.172607999999971812e-03
5.501567999999972328e-03
5.226431999999972718e-03
5.232383999999972758e-03
5.253375999999972817e-03
5.446783999999972765e-03
5.041407999999973806e-03
4.842495999999973932e-03
5.117759999999973823e-03
4.855807999999972764e-03
4.788095999999973477e-03
5.024447999999973047e-03
4.952063999999973057e-03
4.502463999999975139e-03
4.309503999999975306e-03
4.173183999999974768e-03
4.624383999999974459e-03
4.109247999999975087e-03
4.395519999999974829e-03
4.405503999999975037e-03
4.193343999999974737e-03
4.031679999999975006e-03
4.037375999999975353e-03
3.742463999999976181e-03
3.843711999999976144e-03
3.896127999999976152e-03
3.678527999999976501e-03
3.656383999999976084e-03
3.700415999999975922e-03
3.453695999999976604e-03
3.525375999999976352e-03
3.421439999999976566e-03
3.039039999999977679e-03
3.427455999999977181e-03
3.306751999999976190e-03
3.389055999999976681e-03
3.419263999999976565e-03
2.933375999999977574e-03
3.040511999999978305e-03
2.811007999999978139e-03
2.917055999999978218e-03
2.724223999999978232e-03
2.746815999999978764e-03
6.749567999999970570e-03
6.522751999999971094e-03
7.297279999999970249e-03
6.555455999999970813e-03
6.376127999999971381e-03
6.410239999999969851e-03
6.608127999999970081e-03
5.837183999999970979e-03
6.326527999999971043e-03
5.875199999999972805e-03
5.945599999999971047e-03
5.853695999999971623e-03
5.416959999999973289e-03
5.891519999999971294e-03
5.582271999999973214e-03
5.372223999999972341e-03
4.728063999999973684e-03
5.683839999999972144e-03
4.964927999999972641e-03
4.757503999999974052e-03
5.081215999999972623e-03
5.208511999999974190e-03
5.041023999999973831e-03
4.890559999999974372e-03
4.839679999999974697e-03
4.718015999999974203e-03
4.504895999999973533e-03
4.391935999999974777e-03
4.409023999999974949e-03
4.275007999999975127e-03
4.324479999999974317e-03
4.366527999999974576e-03
3.995199999999974813e-03
4.020351999999975320e-03
3.910207999999975800e-03
4.216063999999974249e-03
3.909503999999975991e-03
3.683903999999976579e-03
3.435519999999976214e-03
3.656255999999975803e-03
3.414719999999977010e-03
3.702335999999975796e-03
3.542335999999976677e-03
3.688063999999976594e-03
3.191487999999977586e-03
3.320511999999976871e-03
3.177151999999977810e-03
3.077631999999977299e-03
2.914303999999978256e-03
3.215423999999977595e-03
8.088639999999969882e-03
7.601919999999969500e-03
6.807231999999971243e-03
7.601407999999970112e-03
6.843327999999970594e-03
7.195199999999969329e-03
6.537023999999970296e-03
6.712383999999969701e-03
6.958463999999969785e-03
7.120191999999970524e-03
6.215871999999971267e-03
6.188543999999972060e-03
6.540799999999971637e-03
6.028863999999972342e-03
5.601471999999972813e-03
6.059583999999972048e-03
5.904383999999971745e-03
6.219839999999971294e-03
5.612543999999971937e-03
5.451199999999972907e-03
5.839487999999972562e-03
5.486143999999973202e-03
5.177727999999973477e-03
6.008511999999971084e-03
5.717951999999972348e-03
4.966975999999973662e-03
4.673663999999974096e-03
5.114623999999972151e-03
5.227135999999973394e-03
5.138559999999973461e-03
5.028415999999973074e-03
4.841983999999973677e-03
5.267135999999972631e-03
4.690239999999974013e-03
5.111807999999972915e-03
4.168191999999975098e-03
4.226495999999974572e-03
4.291455999999975630e-03
4.140223999999975354e-03
4.116671999999975753e-03
4.082687999999974962e-03
3.812543999999975890e-03
3.822399999999976251e-03
3.431935999999977029e-03
4.002047999999975084e-03
3.822975999999975779e-03
3.564991999999976482e-03
3.541055999999976039e-03
3.355391999999977025e-03
3.387967999999976897e-03
7.841855999999969989e-03
7.729599999999970175e-03
8.519807999999970752e-03
7.858303999999968759e-03
8.099263999999968891e-03
7.883391999999969993e-03
8.019967999999971092e-03
7.566783999999969652e-03
7.731263999999969487e-03
7.239231999999970468e-03
6.280255999999971063e-03
6.873087999999970797e-03
6.616639999999970531e-03
7.755263999999969203e-03
7.167487999999970147e-03
6.515839999999971550e-03
6.081343999999972057e-03
6.519487999999971743e-03
6.208127999999972502e-03
6.120127999999971230e-03
5.919231999999970475e-03
6.157311999999971232e-03
6.471807999999971278e-03
5.638975999999972649e-03
5.791615999999970808e-03
5.400959999999972901e-03
5.455103999999973662e-03
5.532095999999972480e-03
5.251519999999973085e-03
5.327551999999973267e-03
4.907135999999972555e-03
5.340223999999973298e-03
5.196159999999973127e-03
5.166655999999972618e-03
5.168255999999972657e-03
5.192255999999972373e-03
5.027839999999972678e-03
5.070719999999973027e-03
4.156031999999974455e-03
4.456063999999974878e-03
4.442239999999974057e-03
4.598847999999975712e-03
4.307391999999974144e-03
4.538175999999974515e-03
3.994239999999974443e-03
4.041791999999975495e-03
3.916479999999975675e-03
4.008575999999975520e-03
3.820991999999975332e-03
3.390847999999976707e-03
9.206079999999967206e-03
9.003199999999968173e-03
8.878463999999969616e-03
8.144447999999969087e-03
8.838335999999965761e-03
8.091519999999970125e-03
8.404927999999969521e-03
8.279359999999968273e-03
8.076991999999968627e-03
7.622271999999969891e-03
7.892223999999970277e-03
7.075263999999970889e-03
7.238719999999970213e-03
7.041919999999970634e-03
7.389055999999970259e-03
7.140991999999970162e-03
6.762943999999970410e-03
6.411135999999971816e-03
6.715647999999969919e-03
7.688319999999970733e-03
6.976127999999971220e-03
6.469055999999970448e-03
6.557311999999969679e-03
6.924863999999970703e-03
6.341887999999970896e-03
6.623551999999971809e-03
6.389759999999971782e-03
6.187071999999972302e-03
5.773503999999971860e-03
5.662655999999971664e-03
5.819711999999972567e-03
5.825151999999972352e-03
5.575615999999972497e-03
5.423423999999973585e-03
5.109823999999972902e-03
5.541759999999971986e-03
5.211391999999973566e-03
5.472383999999972520e-03
5.091391999999974119e-03
4.901631999999972629e-03
5.114559999999972878e-03
4.789503999999973963e-03
5.005567999999972414e-03
4.421247999999975732e-03
4.277695999999974082e-03
4.094719999999975324e-03
4.139967999999974793e-03
4.042303999999975750e-03
4.271295999999974793e-03
3.908415999999976208e-03
1.001875199999996760e-02
9.481919999999966625e-03
9.155967999999969215e-03
9.078463999999968406e-03
1.046393599999996885e-02
9.330367999999967382e-03
9.210303999999969529e-03
9.113151999999968139e-03
8.326591999999969490e-03
7.955839999999969256e-03
8.224447999999971032e-03
8.147263999999968323e-03
8.181567999999970683e-03
8.463231999999969862e-03
8.134911999999969862e-03
7.499839999999969448e-03
8.043071999999968844e-03
7.502271999999970443e-03
7.631231999999970456e-03
7.201535999999970211e-03
7.636031999999969705e-03
6.353727999999970837e-03
7.338943999999969665e-03
7.009919999999969856e-03
6.696255999999971634e-03
7.139327999999970850e-03
6.416511999999972328e-03
6.977727999999970392e-03
6.433023999999971237e-03
6.058815999999972099e-03
6.145663999999971712e-03
6.225215999999970939e-03
6.309183999999972044e-03
6.187519999999971550e-03
5.737535999999971922e-03
6.086527999999972148e-03
5.963007999999971921e-03
5.846463999999971378e-03
5.372479999999972902e-03
5.604095999999971628e-03
5.215359999999972726e-03
4.921727999999973326e-03
5.023103999999973569e-03
4.674431999999974913e-03
4.772927999999974046e-03
4.881215999999973833e-03
4.680767999999974061e-03
4.877951999999973615e-03
4.568511999999973379e-03
4.270527999999975712e-03
9.712767999999968871e-03
1.082406399999996834e-02
9.563519999999967741e-03
1.065548799999996646e-02
1.028191999999996699e-02
9.293247999999967521e-03
1.058783999999996644e-02
9.442175999999967081e-03
9.532543999999967474e-03
9.140863999999969056e-03
9.111039999999969580e-03
8.774079999999968849e-03
8.564863999999970667e-03
7.972223999999968752e-03
7.887999999999969689e-03
8.144639999999970376e-03
8.416895999999968875e-03
7.970367999999969019e-03
8.453119999999970241e-03
7.349247999999969708e-03
7.816447999999968921e-03
7.688383999999970873e-03
7.727295999999969460e-03
7.845311999999968894e-03
7.255103999999970577e-03
7.310015999999970419e-03
7.411839999999969911e-03
6.983551999999971019e-03
6.757119999999971517e-03
7.270463999999970429e-03
7.821695999999968285e-03
6.412671999999972582e-03
6.981951999999970980e-03
7.001023999999971166e-03
6.530111999999970752e-03
5.950591999999971585e-03
6.015935999999971751e-03
6.262783999999971783e-03
5.284095999999972523e-03
5.864447999999971781e-03
5.257919999999973240e-03
5.724863999999973627e-03
4.808127999999974034e-03
5.774271999999971809e-03
5.254655999999973889e-03
4.965951999999973152e-03
4.987391999999973326e-03
5.105279999999973346e-03
5.027839999999973546e-03
4.308351999999974515e-03
1.132537599999996689e-02
1.134745599999996586e-02
1.113158399999996696e-02
1.131135999999996825e-02
1.028281599999996722e-02
1.054751999999996651e-02
1.074054399999996821e-02
1.051763199999996776e-02
1.004927999999996775e-02
9.431615999999967345e-03
9.880127999999967214e-03
9.809023999999968296e-03
9.159103999999966550e-03
9.463935999999967957e-03
9.421823999999967558e-03
8.378815999999967776e-03
9.206975999999967436e-03
9.138687999999967754e-03
8.792255999999968805e-03
8.300415999999970207e-03
8.119679999999969422e-03
8.208063999999968066e-03
7.896063999999968289e-03
8.376127999999967086e-03
7.418239999999970066e-03
7.896959999999968519e-03
7.794559999999968632e-03
8.178111999999970044e-03
7.355839999999970284e-03
7.398783999999970773e-03
7.526271999999969292e-03
6.856447999999969872e-03
6.443647999999971114e-03
6.972607999999970441e-03
6.376255999999971662e-03
6.477055999999971510e-03
6.909887999999969957e-03
6.032063999999971553e-03
6.015679999999972057e-03
6.111551999999971507e-03
6.085759999999972199e-03
6.357247999999971616e-03
5.781887999999972029e-03
5.638527999999972534e-03
6.046719999999972464e-03
5.251327999999973531e-03
5.451199999999973775e-03
5.767999999999971934e-03
4.957439999999973569e-03
4.396927999999975314e-03
1.190950399999996662e-02
1.202764799999996720e-02
1.217017599999996660e-02
1.069311999999996744e-02
1.168025599999996875e-02
1.142655999999996584e-02
1.085823999999996695e-02
1.153043199999996549e-02
1.037023999999996636e-02
9.716927999999966717e-03
1.143788799999996900e-02
9.611775999999967734e-03
1.024268799999996683e-02
9.790079999999968391e-03
9.674367999999967938e-03
9.153983999999969201e-03
1.013702399999996846e-02
9.822911999999966656e-03
9.089855999999969099e-03
9.108607999999967716e-03
8.506047999999969203e-03
8.846975999999969961e-03
8.999423999999969434e-03
8.523071999999968368e-03
8.264127999999967833e-03
8.168255999999970984e-03
7.925759999999970953e-03
8.237695999999967988e-03
8.033535999999969618e-03
7.912319999999969239e-03
7.679231999999970755e-03
7.685247999999970069e-03
7.063615999999970502e-03
7.109823999999969474e-03
6.890367999999971391e-03
7.256703999999970615e-03
6.978943999999970456e-03
7.189311999999971163e-03
6.493759999999971708e-03
6.577023999999971268e-03
6.263679999999971146e-03
6.063231999999971374e-03
5.637887999999971998e-03
6.170303999999971097e-03
5.988671999999971816e-03
5.554431999999972017e-03
5.662399999999971970e-03
5.789951999999971496e-03
5.525375999999973357e-03
5.288063999999973418e-03
1.189657599999996776e-02
1.201286399999996514e-02
1.146975999999996602e-02
1.248031999999996665e-02
1.260761599999996561e-02
1.215123199999996670e-02
1.126060799999996712e-02
1.233990399999996580e-02
1.030956799999996863e-02
1.048985599999996757e-02
1.133484799999996684e-02
1.025875199999996996e-02
1.076294399999996529e-02
1.053459199999996765e-02
1.014611199999996757e-02
1.021971199999996936e-02
1.050297599999996771e-02
1.034508799999996932e-02
1.070092799999996548e-02
9.609663999999967440e-03
9.484159999999967200e-03
8.901951999999969944e-03
9.335679999999967754e-03
8.744575999999969207e-03
9.320255999999967761e-03
9.242687999999969414e-03
9.511231999999970183e-03
8.043199999999970859e-03
8.418431999999970508e-03
7.897855999999970483e-03
8.371583999999970133e-03
7.896959999999968519e-03
8.214591999999968502e-03
8.136767999999969594e-03
7.053247999999969452e-03
7.844031999999969557e-03
7.223423999999970500e-03
7.041471999999971386e-03
7.542847999999970944e-03
6.706111999999970694e-03
6.907071999999970721e-03
6.863103999999971457e-03
6.635391999999970883e-03
5.947775999999971482e-03
6.732927999999970513e-03
5.713023999999971951e-03
6.090879999999972150e-03
5.751167999999971456e-03
6.353151999999971308e-03
5.563071999999973614e-03
1.293862399999996457e-02
1.447923199999996517e-02
1.292959999999996473e-02
1.328441599999996385e-02
1.271500799999996517e-02
1.226643199999996603e-02
1.157452799999996590e-02
1.233478399999996672e-02
1.139948799999996806e-02
1.207686399999996496e-02
1.185702399999996604e-02
1.149855999999996672e-02
1.109939199999996837e-02
1.078905599999996703e-02
1.025977599999996701e-02
1.078124799999996553e-02
1.073062399999996641e-02
1.091577599999996907e-02
1.013132799999996725e-02
1.032345599999996699e-02
1.006745599999996771e-02
9.772287999999967542e-03
9.736511999999968026e-03
9.390911999999968299e-03
9.618623999999968005e-03
8.841919999999968416e-03
8.964031999999967290e-03
9.228031999999969370e-03
8.825407999999968639e-03
8.662655999999969991e-03
9.343359999999970716e-03
8.815743999999969133e-03
8.548223999999968875e-03
8.098751999999969503e-03
8.289151999999969794e-03
7.504127999999970176e-03
8.102975999999968357e-03
7.541887999999969706e-03
7.373055999999969870e-03
7.087295999999971251e-03
7.350335999999970359e-03
6.724991999999970459e-03
7.167615999999970428e-03
6.945087999999970813e-03
6.400191999999971237e-03
6.227903999999972497e-03
6.317183999999972238e-03
5.530367999999973895e-03
6.066047999999971477e-03
5.569727999999972597e-03
1.435769599999996496e-02
1.495321599999996538e-02
1.384646399999996461e-02
1.248486399999996707e-02
1.309555199999996519e-02
1.372319999999996494e-02
1.267148799999996862e-02
1.333689599999996790e-02
1.256492799999996655e-02
1.310323199999996642e-02
1.235923199999996655e-02
1.208799999999996509e-02
1.130150399999996572e-02
1.123027199999996825e-02
1.172460799999996625e-02
1.122131199999996595e-02
1.180095999999996800e-02
1.156377599999996487e-02
9.866175999999967847e-03
9.597631999999968813e-03
1.092646399999996736e-02
1.063660799999996756e-02
9.722559999999965188e-03
1.004972799999996787e-02
9.650687999999968056e-03
9.663359999999966352e-03
1.021849599999996756e-02
9.764287999999966480e-03
9.388991999999967558e-03
8.970111999999967611e-03
9.497215999999969807e-03
9.357311999999968349e-03
8.934143999999968541e-03
9.218431999999967402e-03
8.343615999999968655e-03
8.468863999999968334e-03
8.219199999999968198e-03
8.155839999999969780e-03
8.052799999999969358e-03
7.791167999999970735e-03
7.629375999999969855e-03
7.532223999999970200e-03
7.649151999999969850e-03
6.872319999999969981e-03
7.227455999999969800e-03
6.932159999999971088e-03
7.444415999999970217e-03
6.686975999999971235e-03
6.107327999999971786e-03
5.942207999999972283e-03
1.517004799999996552e-02
1.354169599999996594e-02
1.382662399999996274e-02
1.459289599999996634e-02
1.457222399999996698e-02
1.300198399999996472e-02
1.306956799999996546e-02
1.383327999999996692e-02
1.288377599999996660e-02
1.334649599999996640e-02
1.252518399999996701e-02
1.183347199999996643e-02
1.356543999999996510e-02
1.207449599999996410e-02
1.250284799999996574e-02
1.184127999999996621e-02
1.227155199999996858e-02
1.117875199999996717e-02
1.196127999999996652e-02
1.111839999999996755e-02
1.177369599999996547e-02
1.138086399999996626e-02
1.041529599999996628e-02
1.082937599999996871e-02
1.011404799999996926e-02
1.120716799999996703e-02
1.081203199999996624e-02
1.010611199999996747e-02
1.011507199999996630e-02
9.302079999999967805e-03
9.576511999999969341e-03
9.603967999999966226e-03
8.647167999999968990e-03
8.400191999999967810e-03
8.618687999999969859e-03
8.789503999999968842e-03
8.518335999999970126e-03
8.774911999999968071e-03
8.284351999999968810e-03
7.749439999999969443e-03
7.742847999999970601e-03
7.718079999999970069e-03
8.504511999999969304e-03
7.192511999999970373e-03
7.576703999999968853e-03
7.465087999999969574e-03
6.782143999999970009e-03
7.176191999999971018e-03
6.842559999999970645e-03
6.190143999999972099e-03
1.556044799999996633e-02
1.563987199999996441e-02
1.543795199999996488e-02
1.450841599999996498e-02
1.537708799999996587e-02
1.479110399999996467e-02
1.532435199999996299e-02
1.413164799999996717e-02
1.364249599999996579e-02
1.327283199999996534e-02
1.274924799999996652e-02
1.284883199999996631e-02
1.415974399999996372e-02
1.346207999999996657e-02
1.255193599999996495e-02
1.189273599999996801e-02
1.241420799999996653e-02
1.174425599999996683e-02
1.221689599999996670e-02
1.198291199999996712e-02
1.162751999999996934e-02
1.259155199999996595e-02
1.107385599999996528e-02
1.085126399999996639e-02
1.107084799999996649e-02
1.021292799999996836e-02
1.155347199999996743e-02
1.033171199999996688e-02
1.038995199999996621e-02
9.595967999999966899e-03
8.838399999999970238e-03
9.910399999999966805e-03
9.638335999999967860e-03
1.007923199999996577e-02
9.546431999999967569e-03
8.652095999999968520e-03
9.422655999999968515e-03
8.794175999999967810e-03
8.205119999999968550e-03
8.902783999999969167e-03
8.958911999999969941e-03
8.458495999999968151e-03
8.026047999999969679e-03
7.795071999999968887e-03
7.287231999999969033e-03
7.230143999999970490e-03
7.289151999999970641e-03
6.831231999999970959e-03
7.244671999999971121e-03
7.127679999999969596e-03
1.533894399999996550e-02
1.766335999999996478e-02
1.554239999999996492e-02
1.425580799999996706e-02
1.575583999999996890e-02
1.426879999999996519e-02
1.498348799999996497e-02
1.500460799999996618e-02
1.340697599999996631e-02
1.418227199999996628e-02
1.415494399999996447e-02
1.430188799999996575e-02
1.310809599999996668e-02
1.404678399999996496e-02
1.302367999999996459e-02
1.408403199999996511e-02
1.180665599999996575e-02
1.243539199999996528e-02
1.257075199999996631e-02
1.245388799999996507e-02
1.127967999999996730e-02
1.151449599999996611e-02
1.276537599999996372e-02
1.132908799999996635e-02
1.148351999999996584e-02
1.085574399999996754e-02
1.053139199999996757e-02
1.003123199999996808e-02
1.075846399999996587e-02
1.013855999999996836e-02
1.079462399999996623e-02
9.890879999999966504e-03
9.155199999999969265e-03
9.845439999999967481e-03
9.128959999999968974e-03
9.223743999999967774e-03
8.940799999999967523e-03
9.682495999999967545e-03
9.539007999999966902e-03
8.900735999999969880e-03
8.644031999999969920e-03
8.967615999999968210e-03
8.586431999999970255e-03
7.912703999999970081e-03
8.646527999999969322e-03
7.862335999999969793e-03
8.266815999999970258e-03
7.641023999999969375e-03
6.878399999999971169e-03
7.447807999999969848e-03
1.775654399999996094e-02
1.522399999999996499e-02
1.770937599999996420e-02
1.612761599999996270e-02
1.678195199999996459e-02
1.554988799999996486e-02
1.568281599999996404e-02
1.474195199999996618e-02
1.383123199999996590e-02
1.332204799999996657e-02
1.576505599999996482e-02
1.376684799999996697e-02
1.385363199999996471e-02
1.326009599999996603e-02
1.411251199999996250e-02
1.326873599999996677e-02
1.337318399999996681e-02
1.365260799999996714e-02
1.390809599999996531e-02
1.427891199999996655e-02
1.228588799999996532e-02
1.238502399999996846e-02
1.179276799999996739e-02
1.197446399999996594e-02
1.178470399999996705e-02
1.242572799999996751e-02
1.094553599999996754e-02
1.128159999999996457e-02
1.122444799999996676e-02
1.009439999999996868e-02
1.128396799999996543e-02
1.137606399999996701e-02
1.082963199999996753e-02
1.058406399999996771e-02
9.780223999999969331e-03
1.068262399999996871e-02
9.805695999999967938e-03
9.653247999999964996e-03
9.725439999999967167e-03
8.840511999999968798e-03
8.956991999999967466e-03
8.904127999999967777e-03
8.563391999999968307e-03
9.028735999999966053e-03
8.919039999999966647e-03
8.127935999999969310e-03
7.975551999999969111e-03
8.179007999999972009e-03
7.676415999999970652e-03
7.780223999999970157e-03
1.807807999999996515e-02
1.826566399999996620e-02
1.655756799999996351e-02
1.698559999999996184e-02
1.716511999999996776e-02
1.657587199999996722e-02
1.543654399999996353e-02
1.601017599999996627e-02
1.633951999999996504e-02
1.543692799999996437e-02
1.567987199999996278e-02
1.428524799999996570e-02
1.419737599999996470e-02
1.446316799999996378e-02
1.525843199999996416e-02
1.427897599999996409e-02
1.412185599999996564e-02
1.558463999999996734e-02
1.335699199999996686e-02
1.371219199999996682e-02
1.261567999999996595e-02
1.313779199999996587e-02
1.359494399999996647e-02
1.276198399999996583e-02
1.289945599999996542e-02
1.155263999999996474e-02
1.290982399999996734e-02
1.349075199999996526e-02
1.103417599999996848e-02
1.186399999999996485e-02
1.164902399999996618e-02
1.131526399999996726e-02
1.148908799999996677e-02
1.065222399999996711e-02
1.069670399999996663e-02
1.052537599999996652e-02
9.861119999999968036e-03
1.018067199999996876e-02
1.053433599999996709e-02
9.820799999999968097e-03
9.311807999999966584e-03
9.354047999999968999e-03
8.875647999999968646e-03
9.352319999999967812e-03
8.646463999999968314e-03
8.336511999999969558e-03
8.726335999999968243e-03
8.416063999999966183e-03
7.712319999999968714e-03
7.692031999999969331e-03
1.987206399999996362e-02
1.682623999999996456e-02
1.703020799999996684e-02
1.701164799999996605e-02
1.769727999999996457e-02
1.800127999999996675e-02
1.773919999999996541e-02
1.718873599999996143e-02
1.664191999999996285e-02
1.548947199999996596e-02
1.597254399999996702e-02
1.665625599999996306e-02
1.523756799999996352e-02
1.415609599999996526e-02
1.654227199999996900e-02
1.405964799999996628e-02
1.438284799999996373e-02
1.358611199999996445e-02
1.298431999999996589e-02
1.409011199999996543e-02
1.360595199999996632e-02
1.384319999999996699e-02
1.368902399999996460e-02
1.320031999999996507e-02
1.267987199999996532e-02
1.289292799999996499e-02
1.183244799999996592e-02
1.260134399999996574e-02
1.146796799999996730e-02
1.063775999999996835e-02
1.201215999999996620e-02
1.133983999999996738e-02
1.230342399999996734e-02
1.154764799999996767e-02
1.138425599999996762e-02
1.146143999999996686e-02
1.084031999999996582e-02
1.059903999999996932e-02
9.947903999999965774e-03
9.601535999999967833e-03
9.918271999999967586e-03
1.030412799999996624e-02
9.268991999999967243e-03
9.551871999999968221e-03
9.810239999999968361e-03
7.855295999999968234e-03
8.699967999999969406e-03
8.549631999999966758e-03
8.573951999999969778e-03
8.751871999999967858e-03
1.920396799999996712e-02
1.869139199999996642e-02
2.004927999999996449e-02
2.013267199999996260e-02
1.781791999999996629e-02
1.772729599999996880e-02
1.737382399999996482e-02
1.666419199999996312e-02
1.657990399999996478e-02
1.622803199999996171e-02
1.720742399999996425e-02
1.437407999999996792e-02
1.698323199999996619e-02
1.643955199999996494e-02
1.615391999999996400e-02
1.699884799999996227e-02
1.590163199999996418e-02
1.591238399999996694e-02
1.523961599999996454e-02
1.505222399999996651e-02
1.405683199999996531e-02
1.386515199999996568e-02
1.315910399999996663e-02
1.305465599999996659e-02
1.395519999999996624e-02
1.437055999999996628e-02
1.395014399999996643e-02
1.244095999999996621e-02
1.307884799999996586e-02
1.304716799999996665e-02
1.239110399999996705e-02
1.247219199999996357e-02
1.221311999999996623e-02
1.131257599999996831e-02
1.116799999999996615e-02
1.064537599999996684e-02
1.013791999999996696e-02
1.080095999999996538e-02
1.103206399999996645e-02
1.071955199999996902e-02
1.020851199999996649e-02
9.421503999999965989e-03
9.965503999999967069e-03
9.962303999999966991e-03
9.636799999999969696e-03
9.306943999999969797e-03
9.789183999999966426e-03
8.547583999999969206e-03
8.581247999999970164e-03
9.154559999999967862e-03
1.993804799999996519e-02
1.904051199999996433e-02
1.944563199999996619e-02
1.929516799999996327e-02
1.837017599999996378e-02
2.033388799999996666e-02
1.818726399999996343e-02
1.836883199999996691e-02
1.763212799999996569e-02
1.774547199999996355e-02
1.766099199999996566e-02
1.639084799999996483e-02
1.702566399999996816e-02
1.653094399999996411e-02
1.568556799999996920e-02
1.430943999999996670e-02
1.606943999999996611e-02
1.415455999999996536e-02
1.409715199999996525e-02
1.474815999999996678e-02
1.433139199999996539e-02
1.459545599999996501e-02
1.539206399999996575e-02
1.341222399999996741e-02
1.459116799999996342e-02
1.375161599999996480e-02
1.444460799999996645e-02
1.305593599999996766e-02
1.334611199999996556e-02
1.385427199999996611e-02
1.305971199999996640e-02
1.245951999999996528e-02
1.215404799999996593e-02
1.332607999999996587e-02
1.234111999999996587e-02
1.185670399999996620e-02
1.113017599999996908e-02
1.124243199999996543e-02
1.128729599999996579e-02
1.045369599999996547e-02
9.965567999999968077e-03
1.006483199999996976e-02
1.067993599999996629e-02
1.019948799999996665e-02
1.016729599999996632e-02
9.990719999999966849e-03
8.741183999999967841e-03
8.953663999999967107e-03
8.880639999999969184e-03
8.949375999999968981e-03
2.179443199999996431e-02
2.176505599999996668e-02
2.110060799999996517e-02
1.971443199999996579e-02
1.935961599999996494e-02
1.931116799999996192e-02
1.887513599999996600e-02
1.726892799999996814e-02
1.870111999999996347e-02
1.887302399999996397e-02
1.795244799999996463e-02
1.778182399999996346e-02
1.882963199999996423e-02
1.807942399999996549e-02
1.650540799999996450e-02
1.615731199999996537e-02
1.711532799999996093e-02
1.574566399999996480e-02
1.618758399999996669e-02
1.477593599999996524e-02
1.462918399999996524e-02
1.504281599999996583e-02
1.531084799999996547e-02
1.379167999999996591e-02
1.393350399999996811e-02
1.436819199999996716e-02
1.439116799999996463e-02
1.437721599999996526e-02
1.301862399999996651e-02
1.367871999999996716e-02
1.384627199999996505e-02
1.268755199999996482e-02
1.240006399999996414e-02
1.225996799999996487e-02
1.244198399999996672e-02
1.280460799999996561e-02
1.133625599999996646e-02
1.133151999999996648e-02
1.136063999999996528e-02
1.159046399999996528e-02
1.187539199999996554e-02
1.171743999999996615e-02
1.009196799999996508e-02
1.093817599999996615e-02
9.123391999999966306e-03
1.019001599999996843e-02
1.006591999999996608e-02
9.231167999999968440e-03
9.158847999999967723e-03
9.148159999999969441e-03
2.168467199999996389e-02
2.151647999999996633e-02
2.124339199999996514e-02
1.979487999999996264e-02
2.027660799999996682e-02
1.949151999999996707e-02
1.848358399999996612e-02
2.053235199999996555e-02
1.915071999999996485e-02
1.841574399999996656e-02
1.956396799999996633e-02
1.847948799999996755e-02
1.906303999999996515e-02
1.667347199999996352e-02
1.774847999999996581e-02
1.627596799999996360e-02
1.687526399999996624e-02
1.639929599999996254e-02
1.641587199999996333e-02
1.725606399999996682e-02
1.547923199999996779e-02
1.546662399999996357e-02
1.634105599999996494e-02
1.504287999999996510e-02
1.491014399999996548e-02
1.565183999999996550e-02
1.434943999999996334e-02
1.397606399999996515e-02
1.473964799999996633e-02
1.492019199999996236e-02
1.329343999999996542e-02
1.349638399999996720e-02
1.438790399999996528e-02
1.190124799999996673e-02
1.263129599999996550e-02
1.247110399999996552e-02
1.260345599999996603e-02
1.221715199999996726e-02
1.198041599999996598e-02
1.095724799999996807e-02
1.065759999999996849e-02
1.139161599999996728e-02
1.161766399999996507e-02
1.199609599999996827e-02
1.002438399999996781e-02
1.066591999999996765e-02
1.032633599999996550e-02
1.032403199999996739e-02
9.675199999999968895e-03
9.090175999999967199e-03
2.253625599999996634e-02
2.188857599999996517e-02
2.113331199999996315e-02
2.158041599999996341e-02
2.115091199999996271e-02
1.908358399999996596e-02
2.162246399999996627e-02
2.107711999999996658e-02
2.122022399999996464e-02
1.970271999999996526e-02
1.890399999999996597e-02
1.957542399999996630e-02
1.769030399999996575e-02
1.883193599999996234e-02
1.878982399999996888e-02
1.873254399999996558e-02
1.807436799999996568e-02
1.726988799999996591e-02
1.741907199999996603e-02
1.733222399999996208e-02
1.573139199999996560e-02
1.499065599999996508e-02
1.653561599999996135e-02
1.653721599999996572e-02
1.545625599999996685e-02
1.405599999999996609e-02
1.596275199999996550e-02
1.486604799999996507e-02
1.445196799999996611e-02
1.393939199999996541e-02
1.392070399999996433e-02
1.440863999999996564e-02
1.250630399999996464e-02
1.405670399999996503e-02
1.433715199999996588e-02
1.377375999999996478e-02
1.281049599999996812e-02
1.213887999999996650e-02
1.318783999999996633e-02
1.143494399999996601e-02
1.272857599999996717e-02
1.200460799999996525e-02
1.041017599999996719e-02
1.124179199999996576e-02
1.174630399999996612e-02
1.086790399999996819e-02
1.043833599999996822e-02
1.035411199999996743e-02
9.582207999999967085e-03
9.340479999999967003e-03
2.116435199999996616e-02
2.443359999999996160e-02
2.193836799999996159e-02
2.300287999999996169e-02
2.184876799999996289e-02
2.109907199999996874e-02
2.088902399999996440e-02
1.968550399999996481e-02
1.990527999999996620e-02
2.305068799999996504e-02
1.979545599999996477e-02
1.957267199999996460e-02
1.981542399999996346e-02
1.895398399999996195e-02
1.776492799999996458e-02
1.782873599999996311e-02
1.874188799999996352e-02
1.736889599999996356e-02
1.751327999999996096e-02
1.729081599999996235e-02
1.627366399999996549e-02
1.738835199999996112e-02
1.534918399999996540e-02
1.488415999999996575e-02
1.616991999999996613e-02
1.640435199999996235e-02
1.567398399999996375e-02
1.580326399999996620e-02
1.460243199999996556e-02
1.536806399999996429e-02
1.430163199999996519e-02
1.402092799999996552e-02
1.372204799999996588e-02
1.393055999999996512e-02
1.406323199999996373e-02
1.297868799999996568e-02
1.335123199999996811e-02
1.241446399999996709e-02
1.225894399999996609e-02
1.260569599999996661e-02
1.252902399999996849e-02
1.185567999999996742e-02
1.171039999999996459e-02
1.065708799999996563e-02
1.063475199999996609e-02
1.073817599999996736e-02
1.098892799999996554e-02
1.068742399999996796e-02
1.056102399999996749e-02
1.034156799999996594e-02
2.342918399999996404e-02
2.300748799999996833e-02
2.299353599999996375e-02
2.288652799999996504e-02
2.418873599999996418e-02
2.185414399999996773e-02
2.079398399999996330e-02
1.980831999999996609e-02
2.166995199999996458e-02
2.068121599999996757e-02
2.108543999999996574e-02
1.899167999999996567e-02
2.180966399999996128e-02
1.922924799999996270e-02
1.842809599999995981e-02
1.974745599999996534e-02
1.833311999999996666e-02
1.742969599999996330e-02
1.817446399999996659e-02
1.864307199999996195e-02
1.817305599999996871e-02
1.776876799999996606e-02
1.758764799999996617e-02
1.606009599999996471e-02
1.740326399999996346e-02
1.727999999999996553e-02
1.617919999999996306e-02
1.660326399999996830e-02
1.602771199999996482e-02
1.528499199999996429e-02
1.509715199999996614e-02
1.458892799999996284e-02
1.389388799999996538e-02
1.286399999999996747e-02
1.407807999999996507e-02
1.372755199999996407e-02
1.376991999999996504e-02
1.331155199999996611e-02
1.297478399999996666e-02
1.206207999999996637e-02
1.187814399999996551e-02
1.205913599999996685e-02
1.188697599999996579e-02
1.145107199999996668e-02
1.185817599999996683e-02
1.116441599999996696e-02
1.145625599999996851e-02
1.120006399999996620e-02
1.047308799999996723e-02
1.019615999999996803e-02
2.348166399999996809e-02
2.388377599999996423e-02
2.592140799999996525e-02
2.282425599999996293e-02
2.329158399999996590e-02
2.243494399999996711e-02
2.149107199999996873e-02
2.223123199999996538e-02
2.247033599999996925e-02
2.187827199999996253e-02
2.124243199999996043e-02
1.957299199999996270e-02
1.956793599999996289e-02
2.048121599999996878e-02
1.999756799999996559e-02
1.905158399999996172e-02
1.896870399999996820e-02
1.950156799999996568e-02
1.750028799999996457e-02
1.939967999999996084e-02
1.776735999999996471e-02
1.660031999999996358e-02
1.839679999999996318e-02
1.912908799999996079e-02
1.838137599999996319e-02
1.611148799999996550e-02
1.654003199999996496e-02
1.574719999999996470e-02
1.705043199999996609e-02
1.513318399999996448e-02
1.406438399999996453e-02
1.474975999999996422e-02
1.558585599999996393e-02
1.532991999999996219e-02
1.543404799999996760e-02
1.418207999999996499e-02
1.374227199999996513e-02
1.314617599999996431e-02
1.301715199999996589e-02
1.365459199999996542e-02
1.275935999999996788e-02
1.189811199999996592e-02
1.271276799999996460e-02
1.250483199999996402e-02
1.284102399999996307e-02
1.135449599999996742e-02
1.133075199999996653e-02
1.156127999999996547e-02
1.100550399999996633e-02
1.073958399999996871e-02
2.371295999999996698e-02
2.337996799999996281e-02
2.240889599999996290e-02
2.426937599999996406e-02
2.371635199999996488e-02
2.439270399999996300e-02
2.331167999999996659e-02
2.293983999999996484e-02
2.313939199999996699e-02
2.232550399999996826e-02
2.198214399999996738e-02
2.192371199999996675e-02
2.008403199999996350e-02
2.004147199999996298e-02
2.176486399999996713e-02
1.891903999999996686e-02
2.035353599999996377e-02
1.931545599999996352e-02
1.934035199999996346e-02
1.846694399999996086e-02
1.910681599999996400e-02
1.829094399999996873e-02
1.776313599999996759e-02
1.796870399999996731e-02
1.674476799999996546e-02
1.752588799999996519e-02
1.684812799999996571e-02
1.551135999999996191e-02
1.624825599999996442e-02
1.541926399999996380e-02
1.606028799999996426e-02
1.618265599999996196e-02
1.550758399999996665e-02
1.460268799999996439e-02
1.430527999999996538e-02
1.480665599999996494e-02
1.509606399999996462e-02
1.372486399999996685e-02
1.383475199999996581e-02
1.284582399999996578e-02
1.382156799999996639e-02
1.290195199999996656e-02
1.400972799999996785e-02
1.263251199999996729e-02
1.269241599999996681e-02
1.230508799999996579e-02
1.203315199999996539e-02
1.197235199999996738e-02
1.152454399999996645e-02
1.113292799999996731e-02
2.518137599999996368e-02
2.457734399999996627e-02
2.490822399999996842e-02
2.448601599999996464e-02
2.574431999999996640e-02
2.360799999999996582e-02
2.343494399999996453e-02
2.285190399999996458e-02
2.230835199999996535e-02
2.292863999999996544e-02
2.180889599999996306e-02
2.238937599999996433e-02
2.139417599999996616e-02
2.257427199999996470e-02
2.146214399999996775e-02
1.853996799999996573e-02
2.150156799999996399e-02
2.097849599999996456e-02
1.984102399999996061e-02
2.043379199999996454e-02
1.879846399999996615e-02
1.992748799999996892e-02
1.851468799999996320e-02
1.858963199999996707e-02
1.936153599999996047e-02
1.679814399999996627e-02
1.825843199999996336e-02
1.671379199999996346e-02
1.610425599999996266e-02
1.810995199999996391e-02
1.641753599999996524e-02
1.518835199999996576e-02
1.548351999999996592e-02
1.577638399999996624e-02
1.604582399999996550e-02
1.590719999999996512e-02
1.449958399999996643e-02
1.383487999999996609e-02
1.454585599999996468e-02
1.398515199999996600e-02
1.455807999999996459e-02
1.333119999999996669e-02
1.333215999999996619e-02
1.338214399999996390e-02
1.313561599999996631e-02
1.308761599999996514e-02
1.198847999999996458e-02
1.209625599999996672e-02
1.304115199999996734e-02
1.148947199999996761e-02
2.694483199999996720e-02
2.360275199999996645e-02
2.451718399999996620e-02
2.475039999999996410e-02
2.591449599999996745e-02
2.469337599999996483e-02
2.450278399999996498e-02
2.412518399999996621e-02
2.370899199999996348e-02
2.284979199999996602e-02
2.286323199999996253e-02
2.204223999999996297e-02
2.243673599999996410e-02
2.256012799999996751e-02
2.080249599999996202e-02
2.188364799999996044e-02
2.226732799999996473e-02
2.057855999999996452e-02
2.263033599999996273e-02
1.969587199999996499e-02
1.949324799999996652e-02
1.760345599999996527e-02
1.837817599999996485e-02
1.889670399999996558e-02
1.881753599999996460e-02
1.679110399999996645e-02
1.853331199999996154e-02
1.688319999999996629e-02
1.740780799999996561e-02
1.678591999999996462e-02
1.604735999999996193e-02
1.641689599999996557e-02
1.668467199999996292e-02
1.544569599999996538e-02
1.544556799999996337e-02
1.539359999999996564e-02
1.565964799999996354e-02
1.683462399999996473e-02
1.533983999999996399e-02
1.576652799999996718e-02
1.459871999999996436e-02
1.457043199999996479e-02
1.392793599999996544e-02
1.410412799999996754e-02
1.335641599999996647e-02
1.211916799999996665e-02
1.272204799999996500e-02
1.268095999999996684e-02
1.245939199999996673e-02
1.149542399999996765e-02
2.515321599999996438e-02
2.594214399999996562e-02
2.816499199999996511e-02
2.740057599999996471e-02
2.643353599999996931e-02
2.638483199999996226e-02
2.545766399999996668e-02
2.430995199999996803e-02
2.530534399999996228e-02
2.225094399999996350e-02
2.179769599999996713e-02
2.223865599999996431e-02
2.079494399999996454e-02
2.255507199999996770e-02
2.128268799999996630e-02
2.124223999999996781e-02
1.926668799999996240e-02
2.182553599999996485e-02
2.052377599999996236e-02
1.936601599999996509e-02
2.048972799999996403e-02
1.912070399999996756e-02
1.956575999999996679e-02
2.041798399999996544e-02
1.995878399999996208e-02
1.842483199999996740e-02
1.848243199999996533e-02
1.834540799999996238e-02
1.798323199999996708e-02
1.896838399999996316e-02
1.837273599999996940e-02
1.656166399999996555e-02
1.753337599999996860e-02
1.731967999999996233e-02
1.576038399999996412e-02
1.637996799999996353e-02
1.469414399999996457e-02
1.508543999999996388e-02
1.466809599999996730e-02
1.400415999999996691e-02
1.394611199999996540e-02
1.336108799999996717e-02
1.420876799999996713e-02
1.464179199999996427e-02
1.357971199999996430e-02
1.207123199999996649e-02
1.268012799999996762e-02
1.253849599999996671e-02
1.258323199999996679e-02
1.240940799999996728e-02
2.995731199999996514e-02
2.694150399999996684e-02
2.520953599999996644e-02
2.728710399999996483e-02
2.615161599999996089e-02
2.557439999999996938e-02
2.531161599999996389e-02
2.588902399999996190e-02
2.608793599999996438e-02
2.605414399999996661e-02
2.300953599999996935e-02
2.497529599999996630e-02
2.211263999999996469e-02
2.262387199999996851e-02
2.396396799999996746e-02
2.278924799999996337e-02
2.124012799999996579e-02
2.114079999999996309e-02
2.115084799999996865e-02
2.114726399999996426e-02
2.110022399999996606e-02
1.969247999999996362e-02
1.989369599999996421e-02
2.037670399999996426e-02
1.974611199999996500e-02
2.050815999999996281e-02
1.955481599999996448e-02
1.835558399999996648e-02
1.728742399999996446e-02
1.761523199999996334e-02
1.759923199999996468e-02
1.666969599999996651e-02
1.770547199999996518e-02
1.854463999999996296e-02
1.582342399999996443e-02
1.693113599999996471e-02
1.578515199999996552e-02
1.560396799999996635e-02
1.531507199999996433e-02
1.623039999999996430e-02
1.486374399999996522e-02
1.481465599999996600e-02
1.372659199999996457e-02
1.265337599999996621e-02
1.324582399999996683e-02
1.321145599999996693e-02
1.306809599999996484e-02
1.297631999999996483e-02
1.336883199999996594e-02
1.160447999999996739e-02
2.928467199999996648e-02
3.006527999999996509e-02
2.791865599999996186e-02
2.844051199999996643e-02
2.626796799999996795e-02
2.526899199999996237e-02
2.553651199999996610e-02
2.248729599999996567e-02
2.638841599999996318e-02
2.570988799999996549e-02
2.476281599999996530e-02
2.413996799999996654e-02
2.490092799999996456e-02
2.310790399999996386e-02
2.455935999999996414e-02
2.369075199999996426e-02
2.258623999999996926e-02
2.292358399999996563e-02
2.063398399999996288e-02
2.238892799999996422e-02
2.149081599999996817e-02
2.038687999999996489e-02
2.171763199999996591e-02
1.992844799999996322e-02
1.999251199999996231e-02
1.984947199999996179e-02
1.920153599999996699e-02
1.787750399999996770e-02
1.864671999999996735e-02
1.921958399999996320e-02
1.858739199999996650e-02
1.898847999999996733e-02
1.920582399999996512e-02
1.712294399999996636e-02
1.709523199999996718e-02
1.729113599999996739e-02
1.627929599999996743e-02
1.546617599999996345e-02
1.537587199999996580e-02
1.666822399999996762e-02
1.624140799999996415e-02
1.571065599999996523e-02
1.408345599999996645e-02
1.441913599999996611e-02
1.399411199999996483e-02
1.411865599999996557e-02
1.418380799999996618e-02
1.369574399999996632e-02
1.274495999999996666e-02
1.260326399999996475e-02
3.000287999999996791e-02
2.883321599999996362e-02
2.813619199999996615e-02
2.741913599999996551e-02
2.676799999999996543e-02
2.601823999999996334e-02
2.666380799999996595e-02
2.748710399999996709e-02
2.662726399999996302e-02
2.532102399999996631e-02
2.603321599999996322e-02
2.627007999999996304e-02
2.497977599999996398e-02
2.366611199999996487e-02
2.503699199999996627e-02
2.550022399999996373e-02
2.366726399999996913e-02
2.449766399999996416e-02
2.336172799999996358e-02
2.281683199999996747e-02
2.180319999999996358e-02
2.127014399999996655e-02
2.169555199999996867e-02
2.036383999999996641e-02
2.172947199999996498e-02
1.935180799999996343e-02
2.083359999999996603e-02
1.854937599999996467e-02
2.081382399999996344e-02
1.846412799999996163e-02
1.893574399999996272e-02
1.832940799999996026e-02
1.872070399999996651e-02
1.727174399999996390e-02
1.852159999999996448e-02
1.753779199999996527e-02
1.906886399999996318e-02
1.737535999999996472e-02
1.744422399999996307e-02
1.696787199999996373e-02
1.465055999999996528e-02
1.654668799999996567e-02
1.636179199999996531e-02
1.538406399999996468e-02
1.513286399999996465e-02
1.435833599999996636e-02
1.453491199999996583e-02
1.375974399999996614e-02
1.355724799999996621e-02
1.362054399999996709e-02
3.041036799999996890e-02
2.946214399999997138e-02
3.124191999999997166e-02
2.832479999999996251e-02
2.944211199999996476e-02
3.008531199999996825e-02
2.584070399999996784e-02
2.775999999999996873e-02
2.718163199999996602e-02
2.639206399999996164e-02
2.665599999999996444e-02
2.623987199999996273e-02
2.619071999999996597e-02
2.456153599999996717e-02
2.533727999999996552e-02
2.370739199999996258e-02
2.355628799999996692e-02
2.218438399999996327e-02
2.401894399999996571e-02
2.369171199999996549e-02
2.210905599999996723e-02
2.097446399999996353e-02
2.070835199999996462e-02
2.076044799999996610e-02
2.199660799999996613e-02
2.142879999999996662e-02
2.135526399999996411e-02
1.962291199999996461e-02
2.009363199999996547e-02
1.893663999999996295e-02
1.904518399999996503e-02
1.870412799999996226e-02
1.878860799999996015e-02
1.778079999999996469e-02
1.712307199999996490e-02
1.747321599999996505e-02
1.775743999999996464e-02
1.705721599999996535e-02
1.628633599999996379e-02
1.573964799999996722e-02
1.559737599999996491e-02
1.654003199999996496e-02
1.528275199999996545e-02
1.557625599999996543e-02
1.438707199999996605e-02
1.502175999999996736e-02
1.376774399999996547e-02
1.469363199999996518e-02
1.247206399999996503e-02
1.321817599999996519e-02
3.119635199999996542e-02
3.059756799999996738e-02
2.898809599999996323e-02
2.975135999999996630e-02
2.771148799999996817e-02
2.931033599999996811e-02
2.639833599999996325e-02
2.740358399999996697e-02
2.561510399999996843e-02
2.781190399999996718e-02
2.874399999999996402e-02
2.597887999999996811e-02
2.519391999999996343e-02
2.451263999999996404e-02
2.557132799999996611e-02
2.457964799999996439e-02
2.425542399999996296e-02
2.548985599999996007e-02
2.446668799999996216e-02
2.298470399999996347e-02
2.238540799999996431e-02
2.199487999999996668e-02
2.356991999999996298e-02
2.169529599999996811e-02
2.296902399999996638e-02
1.988863999999996440e-02
2.137907199999996427e-02
2.200703999999996385e-02
2.175891199999996709e-02
2.067014399999996671e-02
1.975814399999996709e-02
1.921689599999996251e-02
1.962515199999996518e-02
1.811148799999996728e-02
1.864947199999996905e-02
1.766937599999996583e-02
1.734003199999996359e-02
1.735859199999996091e-02
1.530035199999996501e-02
1.831878399999996646e-02
1.621663999999996622e-02
1.690348799999995960e-02
1.663935999999996418e-02
1.550323199999996578e-02
1.635775999999996774e-02
1.472230399999996560e-02
1.461420799999996537e-02
1.393862399999996546e-02
1.463225599999996678e-02
1.460511999999996625e-02
3.372825599999996343e-02
2.967180799999996274e-02
2.967635199999996490e-02
3.117286399999997029e-02
2.984947199999997067e-02
2.776249599999996293e-02
2.875615999999996467e-02
2.970982399999996457e-02
2.817836799999996408e-02
2.901203199999996540e-02
2.692601599999996584e-02
2.733439999999996706e-02
2.764863999999996394e-02
2.782188799999996479e-02
2.634399999999996467e-02
2.679289599999996191e-02
2.494687999999996297e-02
2.317523199999996578e-02
2.371820799999996635e-02
2.405683199999996552e-02
2.386054399999996967e-02
2.393094399999996097e-02
2.359769599999996317e-02
2.273535999999996490e-02
2.168582399999996815e-02
2.258649599999996982e-02
2.029683199999996607e-02
2.065625599999996315e-02
2.047103999999996815e-02
2.022259199999996288e-02
2.029100799999996110e-02
1.969747199999996590e-02
2.025407999999996600e-02
1.797631999999996580e-02
1.926220799999996472e-02
1.892102399999996687e-02
1.861849599999996357e-02
1.761446399999996512e-02
1.680857599999996746e-02
1.735775999999996516e-02
1.694771199999996203e-02
1.878943999999996284e-02
1.634143999999996405e-02
1.614227199999996448e-02
1.520281599999996625e-02
1.544524799999996527e-02
1.422873599999996581e-02
1.515423999999996642e-02
1.318278399999996651e-02
1.364211199999996495e-02
3.201350399999997043e-02
3.043206399999996703e-02
3.073196799999996717e-02
3.024550399999996822e-02
2.947571199999996644e-02
2.780217599999996667e-02
2.763571199999996508e-02
2.959379199999996948e-02
2.768889599999996287e-02
2.808294399999996735e-02
2.660313599999996823e-02
2.645503999999996442e-02
2.755071999999996607e-02
2.711871999999996424e-02
2.727775999999996343e-02
2.742739199999996713e-02
2.658630399999996341e-02
2.622470399999996329e-02
2.503187199999996546e-02
2.472371199999996369e-02
2.430079999999996618e-02
2.554547199999996493e-02
2.231942399999996274e-02
2.308639999999996528e-02
2.347763199999996359e-02
2.286227199999996476e-02
2.355468799999996254e-02
2.111359999999996157e-02
2.328627199999996553e-02
2.096492799999996604e-02
2.029100799999996457e-02
2.073055999999996735e-02
1.923110399999996764e-02
1.941375999999996049e-02
1.927276799999996446e-02
1.871769599999996425e-02
1.954489599999996441e-02
1.801324799999996090e-02
1.818643199999996074e-02
1.932179199999996266e-02
1.747692799999996452e-02
1.688748799999996442e-02
1.691430399999996684e-02
1.578911999999996554e-02
1.615193599999996399e-02
1.468134399999996599e-02
1.548281599999996698e-02
1.459519999999996619e-02
1.473004799999996436e-02
1.335263999999996599e-02
3.439500799999996306e-02
3.062169599999996564e-02
3.189388799999996749e-02
3.196979199999996912e-02
3.297676799999996189e-02
3.038028799999996712e-02
3.262463999999996866e-02
2.962854399999996849e-02
2.777433599999996894e-02
2.928934399999996371e-02
2.839827199999996402e-02
2.839558399999996333e-02
2.856972799999996440e-02
3.168441599999996527e-02
2.602515199999996809e-02
2.494611199999996476e-02
2.787718399999996460e-02
2.375206399999996512e-02
2.369375999999996651e-02
2.660588799999996298e-02
2.536287999999996615e-02
2.159948799999996533e-02
2.278009599999996498e-02
2.497772799999996296e-02
2.310022399999996784e-02
2.190233599999996672e-02
2.272083199999996514e-02
2.192223999999996786e-02
2.269580799999996318e-02
2.124300799999995909e-02
2.159628799999996698e-02
2.128396799999996217e-02
2.055007999999996712e-02
2.150534399999996446e-02
2.133299199999996038e-02
1.814771199999996171e-02
1.897241599999996420e-02
1.862284799999996618e-02
1.809747199999996517e-02
1.761555199999996491e-02
1.692620799999996345e-02
1.756409599999996310e-02
1.601324799999996260e-02
1.510323199999996646e-02
1.636371199999996431e-02
1.590668799999996399e-02
1.480396799999996599e-02
1.483225599999996556e-02
1.414937599999996527e-02
1.458022399999996631e-02
3.452364799999996930e-02
3.186943999999997112e-02
3.207603199999996962e-02
3.165759999999996632e-02
3.287347199999996611e-02
3.224703999999996296e-02
3.170041599999996740e-02
3.101145599999996852e-02
3.063366399999996673e-02
3.035807999999996440e-02
2.809235199999996282e-02
2.772383999999996837e-02
2.671545599999996384e-02
2.979583999999996582e-02
2.588095999999996677e-02
2.688051199999996754e-02
2.764703999999996650e-02
2.747142399999996654e-02
2.508095999999996467e-02
2.289868799999996568e-02
2.474233599999996550e-02
2.430591999999996353e-02
2.248332799999996565e-02
2.552121599999996812e-02
2.300819199999996553e-02
2.247116799999996500e-02
2.117715199999996301e-02
2.225247999999996340e-02
2.198457599999996404e-02
2.047750399999996584e-02
2.015635199999996421e-02
2.092723199999996231e-02
2.147430399999996492e-02
2.205452799999996563e-02
2.131430399999996450e-02
2.062041599999996436e-02
1.950604799999996336e-02
1.928819199999996792e-02
1.852678399999996284e-02
2.107948799999996917e-02
1.808268799999996485e-02
1.660230399999996359e-02
1.925983999999996560e-02
1.705011199999996452e-02
1.627756799999996798e-02
1.710649599999996412e-02
1.638694399999996582e-02
1.693491199999996519e-02
1.603814399999996601e-02
1.427091199999996375e-02
3.407743999999996581e-02
3.193983999999996937e-02
3.455673599999996987e-02
3.279487999999996378e-02
3.073420799999996775e-02
3.423219199999996687e-02
3.136940799999997365e-02
3.209811199999996340e-02
3.073990399999996723e-02
2.883967999999996479e-02
3.128844799999996873e-02
2.952575999999997036e-02
3.074399999999996927e-02
2.737049599999996641e-02
2.964659199999996469e-02
2.749324799999996669e-02
2.732524799999996520e-02
2.702156799999996806e-02
2.663193599999996719e-02
2.486022399999996205e-02
2.655590399999997048e-02
2.405164799999996370e-02
2.367987199999996642e-02
2.647513599999996511e-02
2.416307199999996255e-02
2.403161599999996401e-02
2.473702399999996512e-02
2.403929599999996003e-02
2.316460799999996503e-02
2.246124799999996147e-02
2.385971199999996697e-02
2.093292799999996179e-02
2.108108799999996660e-02
1.820326399999996209e-02
1.972153599999996315e-02
1.970387199999996258e-02
2.069919999999996624e-02
1.883609599999996193e-02
2.002419199999996499e-02
1.844787199999996588e-02
1.858502399999996391e-02
1.771155199999996030e-02
1.838835199999996547e-02
1.875167999999996504e-02
1.655551999999996596e-02
1.803929599999996511e-02
1.556659199999996419e-02
1.429683199999996594e-02
1.645087999999996289e-02
1.620108799999996421e-02
3.364755199999996949e-02
3.381798399999996763e-02
3.411731199999996911e-02
3.122585599999996853e-02
3.540652799999996492e-02
3.413670399999996913e-02
3.175820799999996835e-02
3.113593599999996478e-02
3.373459199999997299e-02
3.016460799999996431e-02
2.973478399999996899e-02
3.041203199999996387e-02
2.947027199999996752e-02
2.891103999999996427e-02
2.778387199999996643e-02
2.771327999999996516e-02
2.884607999999996841e-02
2.625081599999996504e-02
2.702227199999996526e-02
2.658924799999996119e-02
2.466169599999996562e-02
2.548601599999996553e-02
2.372998399999996094e-02
2.531686399999996673e-02
2.512467199999996598e-02
2.450444799999996343e-02
2.201030399999996320e-02
2.407699199999996723e-02
2.282092799999996258e-02
2.424511999999996378e-02
2.066188799999996509e-02
2.151667199999996588e-02
2.139180799999996704e-02
2.169337599999996563e-02
2.045375999999996669e-02
2.035635199999996647e-02
2.033708799999996153e-02
1.993779199999996463e-02
2.046387199999996631e-02
1.902457599999996321e-02
1.891135999999996736e-02
1.803174399999996069e-02
1.748255999999996299e-02
1.739052799999996415e-02
1.845267199999996513e-02
1.642694399999996419e-02
1.728889599999996335e-02
1.667481599999996386e-02
1.667987199999996714e-02
1.638099199999996231e-02
3.513727999999995827e-02
3.781459199999995940e-02
3.388063999999996190e-02
3.375251199999997065e-02
3.450873599999996350e-02
3.269465599999996780e-02
3.624729599999997054e-02
2.981542399999996540e-02
3.212806399999996315e-02
3.168627199999996674e-02
3.310835199999996592e-02
3.166412799999996502e-02
2.987878399999996729e-02
2.830508799999996439e-02
2.842630399999996477e-02
2.779353599999996594e-02
2.710943999999996384e-02
2.844601599999996636e-02
2.704185599999996831e-02
2.694662399999996419e-02
2.656991999999996912e-02
2.646227199999996726e-02
2.452876799999996471e-02
2.612012799999996471e-02
2.687334399999996917e-02
2.439007999999996332e-02
2.226700799999996316e-02
2.282585599999996384e-02
2.413363199999996739e-02
2.378911999999996571e-02
2.413094399999996323e-02
2.302163199999996551e-02
2.198783999999996686e-02
2.154886399999996621e-02
2.285663999999996282e-02
2.109548799999996435e-02
2.330406399999996811e-02
2.077612799999996318e-02
1.945695999999996414e-02
1.883545599999996573e-02
1.989612799999996434e-02
1.875327999999996248e-02
1.796070399999996278e-02
1.583609599999996620e-02
1.805529599999996376e-02
1.688761599999996643e-02
1.546355199999996377e-02
1.527686399999996641e-02
1.508012799999996524e-02
1.512998399999996441e-02
3.601676799999996986e-02
3.823001599999996392e-02
3.456678399999996154e-02
3.506604799999996774e-02
3.472620799999997371e-02
3.281631999999997523e-02
3.521791999999996509e-02
3.343852799999996739e-02
3.477395199999996911e-02
3.340428799999996951e-02
2.870771199999996512e-02
3.243583999999997275e-02
3.184454399999996077e-02
2.978502399999996553e-02
2.821107199999996554e-02
2.905721599999996907e-02
2.927801599999996576e-02
2.892031999999996120e-02
2.618828799999996584e-02
2.679020799999996469e-02
2.802623999999996618e-02
2.689305599999996729e-02
2.644639999999996369e-02
2.658207999999996629e-02
2.627775999999996601e-02
2.390598399999996349e-02
2.542649599999996513e-02
2.235155199999996553e-02
2.542182399999996442e-02
2.469427199999996506e-02
2.485631999999996303e-02
2.130739199999996322e-02
2.198406399999996291e-02
2.146156799999996562e-02
2.223999999999996119e-02
2.080889599999996217e-02
2.126054399999996805e-02
2.237823999999996247e-02
1.806099199999996324e-02
1.930335999999996735e-02
2.001478399999996258e-02
1.801465599999996572e-02
1.991231999999996602e-02
1.723039999999996866e-02
1.762566399999996106e-02
1.708748799999996321e-02
1.672006399999996507e-02
1.768671999999996483e-02
1.683225599999996561e-02
1.604665599999996820e-02
3.895065599999996547e-02
3.763276799999996924e-02
3.781075199999997527e-02
3.516729599999996597e-02
3.595167999999996505e-02
3.371654399999997331e-02
3.418502399999996666e-02
3.546662399999996745e-02
3.363679999999996673e-02
3.193318399999996865e-02
3.635155199999996756e-02
3.075225599999996048e-02
3.196185599999996907e-02
3.131308799999996811e-02
3.000774399999996817e-02
2.926771199999996312e-02
2.877273599999996545e-02
2.910681599999996594e-02
3.066092799999996579e-02
2.931231999999996812e-02
2.774054399999996423e-02
2.782009599999996433e-02
2.652889599999996503e-02
2.662387199999996512e-02
2.686086399999996349e-02
2.470790399999996459e-02
2.591302399999996509e-02
2.520934399999996689e-02
2.500531199999996360e-02
2.481535999999996342e-02
2.376019199999996820e-02
2.195059199999996324e-02
2.288467199999996704e-02
2.181919999999996571e-02
2.168838399999996336e-02
2.297043199999996427e-02
2.026713599999996687e-02
2.040703999999996660e-02
2.288012799999996488e-02
2.097446399999996353e-02
1.853548799999996458e-02
1.997689599999996277e-02
2.030489599999996467e-02
1.819807999999996373e-02
1.788659199999996507e-02
1.814476799999996393e-02
1.614911999999996822e-02
1.559551999999996517e-02
1.740198399999996412e-02
1.724441599999996383e-02
3.851116799999997065e-02
3.484716799999997006e-02
4.050867199999997476e-02
3.751219199999997200e-02
3.408396799999997145e-02
3.773855999999996963e-02
3.567065599999996728e-02
3.339987199999997630e-02
3.507135999999996812e-02
3.229247999999997065e-02
3.503551999999997280e-02
3.319839999999996127e-02
3.275391999999996417e-02
3.067622399999997071e-02
2.888479999999997092e-02
2.983948799999996265e-02
3.138559999999996492e-02
2.740492799999996731e-02
2.796607999999996610e-02
2.930316799999996280e-02
2.946169599999996433e-02
2.765311999999996509e-02
2.792531199999996605e-02
2.808575999999997005e-02
2.610284799999996672e-02
2.594393599999996608e-02
2.711289599999996622e-02
2.636403199999996783e-02
2.394124799999996361e-02
2.420153599999996449e-02
2.269823999999996331e-02
2.234495999999996582e-02
2.221203199999996492e-02
2.468070399999996306e-02
2.393119999999996500e-02
2.295353599999996538e-02
2.075526399999996427e-02
1.958163199999996343e-02
2.021561599999996406e-02
1.976051199999996275e-02
2.033971199999996468e-02
1.906431999999996796e-02
1.859078399999996439e-02
1.780358399999996608e-02
1.954739199999996208e-02
1.692575999999996333e-02
1.790009599999996259e-02
1.839468799999996462e-02
1.648435199999996603e-02
1.687065599999995960e-02
3.948774399999997048e-02
3.944729599999996505e-02
3.946214399999996986e-02
3.702783999999997161e-02
3.359001599999996562e-02
3.436761599999996891e-02
3.852979199999997245e-02
3.342655999999996630e-02
3.339091199999997400e-02
3.350316799999997208e-02
3.296345599999996739e-02
3.473363199999997264e-02
3.177804799999997543e-02
3.146220799999997070e-02
3.127539199999996439e-02
3.221254399999996798e-02
3.048761599999996741e-02
3.196140799999996202e-02
3.007711999999996416e-02
3.000895999999996649e-02
2.814483199999996688e-02
2.731411199999996681e-02
2.842361599999996755e-02
2.751398399999996358e-02
2.819948799999996703e-02
2.653497599999996362e-02
2.552185599999996432e-02
2.822892799999996913e-02
2.393356799999996412e-02
2.572883199999996540e-02
2.382553599999996316e-02
2.277766399999996486e-02
2.677887999999996674e-02
2.309555199999996367e-02
2.186745599999996570e-02
2.185862399999996195e-02
2.284575999999996151e-02
2.064671999999996566e-02
1.930124799999996532e-02
2.086438399999996154e-02
2.152659199999996595e-02
2.157228799999996380e-02
1.866745599999996424e-02
1.937311999999996592e-02
1.983276799999996592e-02
2.070124799999996379e-02
1.822054399999996702e-02
1.848083199999996443e-02
1.826771199999996723e-02
1.846969599999996256e-02
3.755167999999996925e-02
3.863180799999996889e-02
3.594822399999996615e-02
3.684473599999996823e-02
4.009708799999996826e-02
3.388422399999996976e-02
3.653503999999997004e-02
3.379647999999996211e-02
3.531398399999997190e-02
3.303903999999997093e-02
3.613932799999997059e-02
3.379647999999996905e-02
3.401708799999997312e-02
3.199807999999997044e-02
3.425907199999996683e-02
3.079372799999996468e-02
3.161497599999996827e-02
3.181420799999996191e-02
3.035231999999996391e-02
2.858495999999996831e-02
3.101740799999996856e-02
2.882124799999996601e-02
2.653030399999996639e-02
2.897651199999996471e-02
2.888748799999996814e-02
2.724793599999996568e-02
2.531334399999997029e-02
2.647372799999996723e-02
2.571974399999996455e-02
2.502284799999996562e-02
2.567257599999996434e-02
2.551859199999996150e-02
2.406726399999996671e-02
2.398182399999996411e-02
2.327942399999996526e-02
2.381715199999996299e-02
2.326022399999996132e-02
2.318982399999996655e-02
2.164159999999996573e-02
2.163839999999996391e-02
2.271820799999996546e-02
2.136729599999996621e-02
1.901030399999996401e-02
2.000415999999996183e-02
1.899833599999996639e-02
1.822073599999996657e-02
1.856281599999996118e-02
1.849695999999996510e-02
1.870931199999996408e-02
1.799615999999996940e-02
4.188531199999997318e-02
4.461299199999997633e-02
3.650521599999995842e-02
3.787558399999996911e-02
3.864748799999997292e-02
3.747289599999997084e-02
3.549939199999996992e-02
3.642118399999996758e-02
3.641683199999996845e-02
3.594105599999996431e-02
3.566963199999996503e-02
3.293599999999996530e-02
2.859596799999996816e-02
3.289644799999996705e-02
3.089945599999996406e-02
3.127961599999996845e-02
3.111116799999996685e-02
3.313561599999996499e-02
3.002713599999996819e-02
2.966527999999996751e-02
2.908531199999996389e-02
2.922905599999996509e-02
2.763673599999996386e-02
2.866355199999996717e-02
3.017926399999996262e-02
2.889222399999996638e-02
2.858847999999996475e-02
2.581727999999996678e-02
2.790515199999996088e-02
2.654630399999996504e-02
2.723398399999996805e-02
2.436518399999996337e-02
2.409836799999996379e-02
2.527078399999996283e-02
2.369759999999996453e-02
2.484339199999996764e-02
2.272716799999996776e-02
2.195507199999996439e-02
2.237459199999996748e-02
2.349900799999996015e-02
2.221388799999996985e-02
2.202521599999996554e-02
2.064121599999996573e-02
2.010809599999996075e-02
1.991865599999996170e-02
1.903814399999996868e-02
2.048255999999996219e-02
1.901529599999996281e-02
1.678355199999996550e-02
1.847827199999996575e-02
4.195507199999997522e-02
4.043167999999996987e-02
4.098438399999996401e-02
4.125273599999997043e-02
4.062675199999996739e-02
3.796582399999996749e-02
3.837683199999996492e-02
3.883494399999996155e-02
3.745964799999997041e-02
3.801126399999996824e-02
3.878099199999997249e-02
3.594911999999996638e-02
3.339091199999996706e-02
3.475468799999996417e-02
3.141420799999996433e-02
3.406911999999996665e-02
3.226758399999997418e-02
2.996697599999996811e-02
3.140102399999996491e-02
2.988870399999996735e-02
3.166636799999996560e-02
2.956012799999996679e-02
2.925670399999996327e-02
2.890937599999996582e-02
2.831590399999996815e-02
2.830079999999996626e-02
2.811244799999996352e-02
2.530841599999996555e-02
2.701695999999996489e-02
2.360236799999996388e-02
2.948134399999996491e-02
2.562937599999996416e-02
2.473030399999996340e-02
2.399231999999996978e-02
2.584991999999996723e-02
2.447340799999996389e-02
2.362643199999996460e-02
2.397068799999996572e-02
2.136108799999996213e-02
2.380057599999996568e-02
2.146495999999996351e-02
2.189228799999996464e-02
2.151462399999996139e-02
1.964582399999996454e-02
2.050611199999996179e-02
1.892671999999996288e-02
2.061427199999996476e-02
2.108921599999996621e-02
1.814879999999996496e-02
1.721593599999996296e-02
