stifness|diffusion|length
10|0.011|10
15.9184|0.011|10
21.8367|0.011|10
27.7551|0.011|10
33.6735|0.011|10
39.5918|0.011|10
45.5102|0.011|10
51.4286|0.011|10
57.3469|0.011|10
63.2653|0.011|10
69.1837|0.011|10
75.102|0.011|10
81.0204|0.011|10
86.9388|0.011|10
92.8571|0.011|10
98.7755|0.011|10
104.694|0.011|10
110.612|0.011|10
116.531|0.011|10
122.449|0.011|10
128.367|0.011|10
134.286|0.011|10
140.204|0.011|10
146.122|0.011|10
152.041|0.011|10
157.959|0.011|10
163.878|0.011|10
169.796|0.011|10
175.714|0.011|10
181.633|0.011|10
187.551|0.011|10
193.469|0.011|10
199.388|0.011|10
205.306|0.011|10
211.224|0.011|10
217.143|0.011|10
223.061|0.011|10
228.98|0.011|10
234.898|0.011|10
240.816|0.011|10
246.735|0.011|10
252.653|0.011|10
258.571|0.011|10
264.49|0.011|10
270.408|0.011|10
276.327|0.011|10
282.245|0.011|10
288.163|0.011|10
294.082|0.011|10
300|0.011|10
10|0.0125102|10
15.9184|0.0125102|10
21.8367|0.0125102|10
27.7551|0.0125102|10
33.6735|0.0125102|10
39.5918|0.0125102|10
45.5102|0.0125102|10
51.4286|0.0125102|10
57.3469|0.0125102|10
63.2653|0.0125102|10
69.1837|0.0125102|10
75.102|0.0125102|10
81.0204|0.0125102|10
86.9388|0.0125102|10
92.8571|0.0125102|10
98.7755|0.0125102|10
104.694|0.0125102|10
110.612|0.0125102|10
116.531|0.0125102|10
122.449|0.0125102|10
128.367|0.0125102|10
134.286|0.0125102|10
140.204|0.0125102|10
146.122|0.0125102|10
152.041|0.0125102|10
157.959|0.0125102|10
163.878|0.0125102|10
169.796|0.0125102|10
175.714|0.0125102|10
181.633|0.0125102|10
187.551|0.0125102|10
193.469|0.0125102|10
199.388|0.0125102|10
205.306|0.0125102|10
211.224|0.0125102|10
217.143|0.0125102|10
223.061|0.0125102|10
228.98|0.0125102|10
234.898|0.0125102|10
240.816|0.0125102|10
246.735|0.0125102|10
252.653|0.0125102|10
258.571|0.0125102|10
264.49|0.0125102|10
270.408|0.0125102|10
276.327|0.0125102|10
282.245|0.0125102|10
288.163|0.0125102|10
294.082|0.0125102|10
300|0.0125102|10
10|0.0140204|10
15.9184|0.0140204|10
21.8367|0.0140204|10
27.7551|0.0140204|10
33.6735|0.0140204|10
39.5918|0.0140204|10
45.5102|0.0140204|10
51.4286|0.0140204|10
57.3469|0.0140204|10
63.2653|0.0140204|10
69.1837|0.0140204|10
75.102|0.0140204|10
81.0204|0.0140204|10
86.9388|0.0140204|10
92.8571|0.0140204|10
98.7755|0.0140204|10
104.694|0.0140204|10
110.612|0.0140204|10
116.531|0.0140204|10
122.449|0.0140204|10
128.367|0.0140204|10
134.286|0.0140204|10
140.204|0.0140204|10
146.122|0.0140204|10
152.041|0.0140204|10
157.959|0.0140204|10
163.878|0.0140204|10
169.796|0.0140204|10
175.714|0.0140204|10
181.633|0.0140204|10
187.551|0.0140204|10
193.469|0.0140204|10
199.388|0.0140204|10
205.306|0.0140204|10
211.224|0.0140204|10
217.143|0.0140204|10
223.061|0.0140204|10
228.98|0.0140204|10
234.898|0.0140204|10
240.816|0.0140204|10
246.735|0.0140204|10
252.653|0.0140204|10
258.571|0.0140204|10
264.49|0.0140204|10
270.408|0.0140204|10
276.327|0.0140204|10
282.245|0.0140204|10
288.163|0.0140204|10
294.082|0.0140204|10
300|0.0140204|10
10|0.0155306|10
15.9184|0.0155306|10
21.8367|0.0155306|10
27.7551|0.0155306|10
33.6735|0.0155306|10
39.5918|0.0155306|10
45.5102|0.0155306|10
51.4286|0.0155306|10
57.3469|0.0155306|10
63.2653|0.0155306|10
69.1837|0.0155306|10
75.102|0.0155306|10
81.0204|0.0155306|10
86.9388|0.0155306|10
92.8571|0.0155306|10
98.7755|0.0155306|10
104.694|0.0155306|10
110.612|0.0155306|10
116.531|0.0155306|10
122.449|0.0155306|10
128.367|0.0155306|10
134.286|0.0155306|10
140.204|0.0155306|10
146.122|0.0155306|10
152.041|0.0155306|10
157.959|0.0155306|10
163.878|0.0155306|10
169.796|0.0155306|10
175.714|0.0155306|10
181.633|0.0155306|10
187.551|0.0155306|10
193.469|0.0155306|10
199.388|0.0155306|10
205.306|0.0155306|10
211.224|0.0155306|10
217.143|0.0155306|10
223.061|0.0155306|10
228.98|0.0155306|10
234.898|0.0155306|10
240.816|0.0155306|10
246.735|0.0155306|10
252.653|0.0155306|10
258.571|0.0155306|10
264.49|0.0155306|10
270.408|0.0155306|10
276.327|0.0155306|10
282.245|0.0155306|10
288.163|0.0155306|10
294.082|0.0155306|10
300|0.0155306|10
10|0.0170408|10
15.9184|0.0170408|10
21.8367|0.0170408|10
27.7551|0.0170408|10
33.6735|0.0170408|10
39.5918|0.0170408|10
45.5102|0.0170408|10
51.4286|0.0170408|10
57.3469|0.0170408|10
63.2653|0.0170408|10
69.1837|0.0170408|10
75.102|0.0170408|10
81.0204|0.0170408|10
86.9388|0.0170408|10
92.8571|0.0170408|10
98.7755|0.0170408|10
104.694|0.0170408|10
110.612|0.0170408|10
116.531|0.0170408|10
122.449|0.0170408|10
128.367|0.0170408|10
134.286|0.0170408|10
140.204|0.0170408|10
146.122|0.0170408|10
152.041|0.0170408|10
157.959|0.0170408|10
163.878|0.0170408|10
169.796|0.0170408|10
175.714|0.0170408|10
181.633|0.0170408|10
187.551|0.0170408|10
193.469|0.0170408|10
199.388|0.0170408|10
205.306|0.0170408|10
211.224|0.0170408|10
217.143|0.0170408|10
223.061|0.0170408|10
228.98|0.0170408|10
234.898|0.0170408|10
240.816|0.0170408|10
246.735|0.0170408|10
252.653|0.0170408|10
258.571|0.0170408|10
264.49|0.0170408|10
270.408|0.0170408|10
276.327|0.0170408|10
282.245|0.0170408|10
288.163|0.0170408|10
294.082|0.0170408|10
300|0.0170408|10
10|0.018551|10
15.9184|0.018551|10
21.8367|0.018551|10
27.7551|0.018551|10
33.6735|0.018551|10
39.5918|0.018551|10
45.5102|0.018551|10
51.4286|0.018551|10
57.3469|0.018551|10
63.2653|0.018551|10
69.1837|0.018551|10
75.102|0.018551|10
81.0204|0.018551|10
86.9388|0.018551|10
92.8571|0.018551|10
98.7755|0.018551|10
104.694|0.018551|10
110.612|0.018551|10
116.531|0.018551|10
122.449|0.018551|10
128.367|0.018551|10
134.286|0.018551|10
140.204|0.018551|10
146.122|0.018551|10
152.041|0.018551|10
157.959|0.018551|10
163.878|0.018551|10
169.796|0.018551|10
175.714|0.018551|10
181.633|0.018551|10
187.551|0.018551|10
193.469|0.018551|10
199.388|0.018551|10
205.306|0.018551|10
211.224|0.018551|10
217.143|0.018551|10
223.061|0.018551|10
228.98|0.018551|10
234.898|0.018551|10
240.816|0.018551|10
246.735|0.018551|10
252.653|0.018551|10
258.571|0.018551|10
264.49|0.018551|10
270.408|0.018551|10
276.327|0.018551|10
282.245|0.018551|10
288.163|0.018551|10
294.082|0.018551|10
300|0.018551|10
10|0.0200612|10
15.9184|0.0200612|10
21.8367|0.0200612|10
27.7551|0.0200612|10
33.6735|0.0200612|10
39.5918|0.0200612|10
45.5102|0.0200612|10
51.4286|0.0200612|10
57.3469|0.0200612|10
63.2653|0.0200612|10
69.1837|0.0200612|10
75.102|0.0200612|10
81.0204|0.0200612|10
86.9388|0.0200612|10
92.8571|0.0200612|10
98.7755|0.0200612|10
104.694|0.0200612|10
110.612|0.0200612|10
116.531|0.0200612|10
122.449|0.0200612|10
128.367|0.0200612|10
134.286|0.0200612|10
140.204|0.0200612|10
146.122|0.0200612|10
152.041|0.0200612|10
157.959|0.0200612|10
163.878|0.0200612|10
169.796|0.0200612|10
175.714|0.0200612|10
181.633|0.0200612|10
187.551|0.0200612|10
193.469|0.0200612|10
199.388|0.0200612|10
205.306|0.0200612|10
211.224|0.0200612|10
217.143|0.0200612|10
223.061|0.0200612|10
228.98|0.0200612|10
234.898|0.0200612|10
240.816|0.0200612|10
246.735|0.0200612|10
252.653|0.0200612|10
258.571|0.0200612|10
264.49|0.0200612|10
270.408|0.0200612|10
276.327|0.0200612|10
282.245|0.0200612|10
288.163|0.0200612|10
294.082|0.0200612|10
300|0.0200612|10
10|0.0215714|10
15.9184|0.0215714|10
21.8367|0.0215714|10
27.7551|0.0215714|10
33.6735|0.0215714|10
39.5918|0.0215714|10
45.5102|0.0215714|10
51.4286|0.0215714|10
57.3469|0.0215714|10
63.2653|0.0215714|10
69.1837|0.0215714|10
75.102|0.0215714|10
81.0204|0.0215714|10
86.9388|0.0215714|10
92.8571|0.0215714|10
98.7755|0.0215714|10
104.694|0.0215714|10
110.612|0.0215714|10
116.531|0.0215714|10
122.449|0.0215714|10
128.367|0.0215714|10
134.286|0.0215714|10
140.204|0.0215714|10
146.122|0.0215714|10
152.041|0.0215714|10
157.959|0.0215714|10
163.878|0.0215714|10
169.796|0.0215714|10
175.714|0.0215714|10
181.633|0.0215714|10
187.551|0.0215714|10
193.469|0.0215714|10
199.388|0.0215714|10
205.306|0.0215714|10
211.224|0.0215714|10
217.143|0.0215714|10
223.061|0.0215714|10
228.98|0.0215714|10
234.898|0.0215714|10
240.816|0.0215714|10
246.735|0.0215714|10
252.653|0.0215714|10
258.571|0.0215714|10
264.49|0.0215714|10
270.408|0.0215714|10
276.327|0.0215714|10
282.245|0.0215714|10
288.163|0.0215714|10
294.082|0.0215714|10
300|0.0215714|10
10|0.0230816|10
15.9184|0.0230816|10
21.8367|0.0230816|10
27.7551|0.0230816|10
33.6735|0.0230816|10
39.5918|0.0230816|10
45.5102|0.0230816|10
51.4286|0.0230816|10
57.3469|0.0230816|10
63.2653|0.0230816|10
69.1837|0.0230816|10
75.102|0.0230816|10
81.0204|0.0230816|10
86.9388|0.0230816|10
92.8571|0.0230816|10
98.7755|0.0230816|10
104.694|0.0230816|10
110.612|0.0230816|10
116.531|0.0230816|10
122.449|0.0230816|10
128.367|0.0230816|10
134.286|0.0230816|10
140.204|0.0230816|10
146.122|0.0230816|10
152.041|0.0230816|10
157.959|0.0230816|10
163.878|0.0230816|10
169.796|0.0230816|10
175.714|0.0230816|10
181.633|0.0230816|10
187.551|0.0230816|10
193.469|0.0230816|10
199.388|0.0230816|10
205.306|0.0230816|10
211.224|0.0230816|10
217.143|0.0230816|10
223.061|0.0230816|10
228.98|0.0230816|10
234.898|0.0230816|10
240.816|0.0230816|10
246.735|0.0230816|10
252.653|0.0230816|10
258.571|0.0230816|10
264.49|0.0230816|10
270.408|0.0230816|10
276.327|0.0230816|10
282.245|0.0230816|10
288.163|0.0230816|10
294.082|0.0230816|10
300|0.0230816|10
10|0.0245918|10
15.9184|0.0245918|10
21.8367|0.0245918|10
27.7551|0.0245918|10
33.6735|0.0245918|10
39.5918|0.0245918|10
45.5102|0.0245918|10
51.4286|0.0245918|10
57.3469|0.0245918|10
63.2653|0.0245918|10
69.1837|0.0245918|10
75.102|0.0245918|10
81.0204|0.0245918|10
86.9388|0.0245918|10
92.8571|0.0245918|10
98.7755|0.0245918|10
104.694|0.0245918|10
110.612|0.0245918|10
116.531|0.0245918|10
122.449|0.0245918|10
128.367|0.0245918|10
134.286|0.0245918|10
140.204|0.0245918|10
146.122|0.0245918|10
152.041|0.0245918|10
157.959|0.0245918|10
163.878|0.0245918|10
169.796|0.0245918|10
175.714|0.0245918|10
181.633|0.0245918|10
187.551|0.0245918|10
193.469|0.0245918|10
199.388|0.0245918|10
205.306|0.0245918|10
211.224|0.0245918|10
217.143|0.0245918|10
223.061|0.0245918|10
228.98|0.0245918|10
234.898|0.0245918|10
240.816|0.0245918|10
246.735|0.0245918|10
252.653|0.0245918|10
258.571|0.0245918|10
264.49|0.0245918|10
270.408|0.0245918|10
276.327|0.0245918|10
282.245|0.0245918|10
288.163|0.0245918|10
294.082|0.0245918|10
300|0.0245918|10
10|0.026102|10
15.9184|0.026102|10
21.8367|0.026102|10
27.7551|0.026102|10
33.6735|0.026102|10
39.5918|0.026102|10
45.5102|0.026102|10
51.4286|0.026102|10
57.3469|0.026102|10
63.2653|0.026102|10
69.1837|0.026102|10
75.102|0.026102|10
81.0204|0.026102|10
86.9388|0.026102|10
92.8571|0.026102|10
98.7755|0.026102|10
104.694|0.026102|10
110.612|0.026102|10
116.531|0.026102|10
122.449|0.026102|10
128.367|0.026102|10
134.286|0.026102|10
140.204|0.026102|10
146.122|0.026102|10
152.041|0.026102|10
157.959|0.026102|10
163.878|0.026102|10
169.796|0.026102|10
175.714|0.026102|10
181.633|0.026102|10
187.551|0.026102|10
193.469|0.026102|10
199.388|0.026102|10
205.306|0.026102|10
211.224|0.026102|10
217.143|0.026102|10
223.061|0.026102|10
228.98|0.026102|10
234.898|0.026102|10
240.816|0.026102|10
246.735|0.026102|10
252.653|0.026102|10
258.571|0.026102|10
264.49|0.026102|10
270.408|0.026102|10
276.327|0.026102|10
282.245|0.026102|10
288.163|0.026102|10
294.082|0.026102|10
300|0.026102|10
10|0.0276122|10
15.9184|0.0276122|10
21.8367|0.0276122|10
27.7551|0.0276122|10
33.6735|0.0276122|10
39.5918|0.0276122|10
45.5102|0.0276122|10
51.4286|0.0276122|10
57.3469|0.0276122|10
63.2653|0.0276122|10
69.1837|0.0276122|10
75.102|0.0276122|10
81.0204|0.0276122|10
86.9388|0.0276122|10
92.8571|0.0276122|10
98.7755|0.0276122|10
104.694|0.0276122|10
110.612|0.0276122|10
116.531|0.0276122|10
122.449|0.0276122|10
128.367|0.0276122|10
134.286|0.0276122|10
140.204|0.0276122|10
146.122|0.0276122|10
152.041|0.0276122|10
157.959|0.0276122|10
163.878|0.0276122|10
169.796|0.0276122|10
175.714|0.0276122|10
181.633|0.0276122|10
187.551|0.0276122|10
193.469|0.0276122|10
199.388|0.0276122|10
205.306|0.0276122|10
211.224|0.0276122|10
217.143|0.0276122|10
223.061|0.0276122|10
228.98|0.0276122|10
234.898|0.0276122|10
240.816|0.0276122|10
246.735|0.0276122|10
252.653|0.0276122|10
258.571|0.0276122|10
264.49|0.0276122|10
270.408|0.0276122|10
276.327|0.0276122|10
282.245|0.0276122|10
288.163|0.0276122|10
294.082|0.0276122|10
300|0.0276122|10
10|0.0291224|10
15.9184|0.0291224|10
21.8367|0.0291224|10
27.7551|0.0291224|10
33.6735|0.0291224|10
39.5918|0.0291224|10
45.5102|0.0291224|10
51.4286|0.0291224|10
57.3469|0.0291224|10
63.2653|0.0291224|10
69.1837|0.0291224|10
75.102|0.0291224|10
81.0204|0.0291224|10
86.9388|0.0291224|10
92.8571|0.0291224|10
98.7755|0.0291224|10
104.694|0.0291224|10
110.612|0.0291224|10
116.531|0.0291224|10
122.449|0.0291224|10
128.367|0.0291224|10
134.286|0.0291224|10
140.204|0.0291224|10
146.122|0.0291224|10
152.041|0.0291224|10
157.959|0.0291224|10
163.878|0.0291224|10
169.796|0.0291224|10
175.714|0.0291224|10
181.633|0.0291224|10
187.551|0.0291224|10
193.469|0.0291224|10
199.388|0.0291224|10
205.306|0.0291224|10
211.224|0.0291224|10
217.143|0.0291224|10
223.061|0.0291224|10
228.98|0.0291224|10
234.898|0.0291224|10
240.816|0.0291224|10
246.735|0.0291224|10
252.653|0.0291224|10
258.571|0.0291224|10
264.49|0.0291224|10
270.408|0.0291224|10
276.327|0.0291224|10
282.245|0.0291224|10
288.163|0.0291224|10
294.082|0.0291224|10
300|0.0291224|10
10|0.0306327|10
15.9184|0.0306327|10
21.8367|0.0306327|10
27.7551|0.0306327|10
33.6735|0.0306327|10
39.5918|0.0306327|10
45.5102|0.0306327|10
51.4286|0.0306327|10
57.3469|0.0306327|10
63.2653|0.0306327|10
69.1837|0.0306327|10
75.102|0.0306327|10
81.0204|0.0306327|10
86.9388|0.0306327|10
92.8571|0.0306327|10
98.7755|0.0306327|10
104.694|0.0306327|10
110.612|0.0306327|10
116.531|0.0306327|10
122.449|0.0306327|10
128.367|0.0306327|10
134.286|0.0306327|10
140.204|0.0306327|10
146.122|0.0306327|10
152.041|0.0306327|10
157.959|0.0306327|10
163.878|0.0306327|10
169.796|0.0306327|10
175.714|0.0306327|10
181.633|0.0306327|10
187.551|0.0306327|10
193.469|0.0306327|10
199.388|0.0306327|10
205.306|0.0306327|10
211.224|0.0306327|10
217.143|0.0306327|10
223.061|0.0306327|10
228.98|0.0306327|10
234.898|0.0306327|10
240.816|0.0306327|10
246.735|0.0306327|10
252.653|0.0306327|10
258.571|0.0306327|10
264.49|0.0306327|10
270.408|0.0306327|10
276.327|0.0306327|10
282.245|0.0306327|10
288.163|0.0306327|10
294.082|0.0306327|10
300|0.0306327|10
10|0.0321429|10
15.9184|0.0321429|10
21.8367|0.0321429|10
27.7551|0.0321429|10
33.6735|0.0321429|10
39.5918|0.0321429|10
45.5102|0.0321429|10
51.4286|0.0321429|10
57.3469|0.0321429|10
63.2653|0.0321429|10
69.1837|0.0321429|10
75.102|0.0321429|10
81.0204|0.0321429|10
86.9388|0.0321429|10
92.8571|0.0321429|10
98.7755|0.0321429|10
104.694|0.0321429|10
110.612|0.0321429|10
116.531|0.0321429|10
122.449|0.0321429|10
128.367|0.0321429|10
134.286|0.0321429|10
140.204|0.0321429|10
146.122|0.0321429|10
152.041|0.0321429|10
157.959|0.0321429|10
163.878|0.0321429|10
169.796|0.0321429|10
175.714|0.0321429|10
181.633|0.0321429|10
187.551|0.0321429|10
193.469|0.0321429|10
199.388|0.0321429|10
205.306|0.0321429|10
211.224|0.0321429|10
217.143|0.0321429|10
223.061|0.0321429|10
228.98|0.0321429|10
234.898|0.0321429|10
240.816|0.0321429|10
246.735|0.0321429|10
252.653|0.0321429|10
258.571|0.0321429|10
264.49|0.0321429|10
270.408|0.0321429|10
276.327|0.0321429|10
282.245|0.0321429|10
288.163|0.0321429|10
294.082|0.0321429|10
300|0.0321429|10
10|0.0336531|10
15.9184|0.0336531|10
21.8367|0.0336531|10
27.7551|0.0336531|10
33.6735|0.0336531|10
39.5918|0.0336531|10
45.5102|0.0336531|10
51.4286|0.0336531|10
57.3469|0.0336531|10
63.2653|0.0336531|10
69.1837|0.0336531|10
75.102|0.0336531|10
81.0204|0.0336531|10
86.9388|0.0336531|10
92.8571|0.0336531|10
98.7755|0.0336531|10
104.694|0.0336531|10
110.612|0.0336531|10
116.531|0.0336531|10
122.449|0.0336531|10
128.367|0.0336531|10
134.286|0.0336531|10
140.204|0.0336531|10
146.122|0.0336531|10
152.041|0.0336531|10
157.959|0.0336531|10
163.878|0.0336531|10
169.796|0.0336531|10
175.714|0.0336531|10
181.633|0.0336531|10
187.551|0.0336531|10
193.469|0.0336531|10
199.388|0.0336531|10
205.306|0.0336531|10
211.224|0.0336531|10
217.143|0.0336531|10
223.061|0.0336531|10
228.98|0.0336531|10
234.898|0.0336531|10
240.816|0.0336531|10
246.735|0.0336531|10
252.653|0.0336531|10
258.571|0.0336531|10
264.49|0.0336531|10
270.408|0.0336531|10
276.327|0.0336531|10
282.245|0.0336531|10
288.163|0.0336531|10
294.082|0.0336531|10
300|0.0336531|10
10|0.0351633|10
15.9184|0.0351633|10
21.8367|0.0351633|10
27.7551|0.0351633|10
33.6735|0.0351633|10
39.5918|0.0351633|10
45.5102|0.0351633|10
51.4286|0.0351633|10
57.3469|0.0351633|10
63.2653|0.0351633|10
69.1837|0.0351633|10
75.102|0.0351633|10
81.0204|0.0351633|10
86.9388|0.0351633|10
92.8571|0.0351633|10
98.7755|0.0351633|10
104.694|0.0351633|10
110.612|0.0351633|10
116.531|0.0351633|10
122.449|0.0351633|10
128.367|0.0351633|10
134.286|0.0351633|10
140.204|0.0351633|10
146.122|0.0351633|10
152.041|0.0351633|10
157.959|0.0351633|10
163.878|0.0351633|10
169.796|0.0351633|10
175.714|0.0351633|10
181.633|0.0351633|10
187.551|0.0351633|10
193.469|0.0351633|10
199.388|0.0351633|10
205.306|0.0351633|10
211.224|0.0351633|10
217.143|0.0351633|10
223.061|0.0351633|10
228.98|0.0351633|10
234.898|0.0351633|10
240.816|0.0351633|10
246.735|0.0351633|10
252.653|0.0351633|10
258.571|0.0351633|10
264.49|0.0351633|10
270.408|0.0351633|10
276.327|0.0351633|10
282.245|0.0351633|10
288.163|0.0351633|10
294.082|0.0351633|10
300|0.0351633|10
10|0.0366735|10
15.9184|0.0366735|10
21.8367|0.0366735|10
27.7551|0.0366735|10
33.6735|0.0366735|10
39.5918|0.0366735|10
45.5102|0.0366735|10
51.4286|0.0366735|10
57.3469|0.0366735|10
63.2653|0.0366735|10
69.1837|0.0366735|10
75.102|0.0366735|10
81.0204|0.0366735|10
86.9388|0.0366735|10
92.8571|0.0366735|10
98.7755|0.0366735|10
104.694|0.0366735|10
110.612|0.0366735|10
116.531|0.0366735|10
122.449|0.0366735|10
128.367|0.0366735|10
134.286|0.0366735|10
140.204|0.0366735|10
146.122|0.0366735|10
152.041|0.0366735|10
157.959|0.0366735|10
163.878|0.0366735|10
169.796|0.0366735|10
175.714|0.0366735|10
181.633|0.0366735|10
187.551|0.0366735|10
193.469|0.0366735|10
199.388|0.0366735|10
205.306|0.0366735|10
211.224|0.0366735|10
217.143|0.0366735|10
223.061|0.0366735|10
228.98|0.0366735|10
234.898|0.0366735|10
240.816|0.0366735|10
246.735|0.0366735|10
252.653|0.0366735|10
258.571|0.0366735|10
264.49|0.0366735|10
270.408|0.0366735|10
276.327|0.0366735|10
282.245|0.0366735|10
288.163|0.0366735|10
294.082|0.0366735|10
300|0.0366735|10
10|0.0381837|10
15.9184|0.0381837|10
21.8367|0.0381837|10
27.7551|0.0381837|10
33.6735|0.0381837|10
39.5918|0.0381837|10
45.5102|0.0381837|10
51.4286|0.0381837|10
57.3469|0.0381837|10
63.2653|0.0381837|10
69.1837|0.0381837|10
75.102|0.0381837|10
81.0204|0.0381837|10
86.9388|0.0381837|10
92.8571|0.0381837|10
98.7755|0.0381837|10
104.694|0.0381837|10
110.612|0.0381837|10
116.531|0.0381837|10
122.449|0.0381837|10
128.367|0.0381837|10
134.286|0.0381837|10
140.204|0.0381837|10
146.122|0.0381837|10
152.041|0.0381837|10
157.959|0.0381837|10
163.878|0.0381837|10
169.796|0.0381837|10
175.714|0.0381837|10
181.633|0.0381837|10
187.551|0.0381837|10
193.469|0.0381837|10
199.388|0.0381837|10
205.306|0.0381837|10
211.224|0.0381837|10
217.143|0.0381837|10
223.061|0.0381837|10
228.98|0.0381837|10
234.898|0.0381837|10
240.816|0.0381837|10
246.735|0.0381837|10
252.653|0.0381837|10
258.571|0.0381837|10
264.49|0.0381837|10
270.408|0.0381837|10
276.327|0.0381837|10
282.245|0.0381837|10
288.163|0.0381837|10
294.082|0.0381837|10
300|0.0381837|10
10|0.0396939|10
15.9184|0.0396939|10
21.8367|0.0396939|10
27.7551|0.0396939|10
33.6735|0.0396939|10
39.5918|0.0396939|10
45.5102|0.0396939|10
51.4286|0.0396939|10
57.3469|0.0396939|10
63.2653|0.0396939|10
69.1837|0.0396939|10
75.102|0.0396939|10
81.0204|0.0396939|10
86.9388|0.0396939|10
92.8571|0.0396939|10
98.7755|0.0396939|10
104.694|0.0396939|10
110.612|0.0396939|10
116.531|0.0396939|10
122.449|0.0396939|10
128.367|0.0396939|10
134.286|0.0396939|10
140.204|0.0396939|10
146.122|0.0396939|10
152.041|0.0396939|10
157.959|0.0396939|10
163.878|0.0396939|10
169.796|0.0396939|10
175.714|0.0396939|10
181.633|0.0396939|10
187.551|0.0396939|10
193.469|0.0396939|10
199.388|0.0396939|10
205.306|0.0396939|10
211.224|0.0396939|10
217.143|0.0396939|10
223.061|0.0396939|10
228.98|0.0396939|10
234.898|0.0396939|10
240.816|0.0396939|10
246.735|0.0396939|10
252.653|0.0396939|10
258.571|0.0396939|10
264.49|0.0396939|10
270.408|0.0396939|10
276.327|0.0396939|10
282.245|0.0396939|10
288.163|0.0396939|10
294.082|0.0396939|10
300|0.0396939|10
10|0.0412041|10
15.9184|0.0412041|10
21.8367|0.0412041|10
27.7551|0.0412041|10
33.6735|0.0412041|10
39.5918|0.0412041|10
45.5102|0.0412041|10
51.4286|0.0412041|10
57.3469|0.0412041|10
63.2653|0.0412041|10
69.1837|0.0412041|10
75.102|0.0412041|10
81.0204|0.0412041|10
86.9388|0.0412041|10
92.8571|0.0412041|10
98.7755|0.0412041|10
104.694|0.0412041|10
110.612|0.0412041|10
116.531|0.0412041|10
122.449|0.0412041|10
128.367|0.0412041|10
134.286|0.0412041|10
140.204|0.0412041|10
146.122|0.0412041|10
152.041|0.0412041|10
157.959|0.0412041|10
163.878|0.0412041|10
169.796|0.0412041|10
175.714|0.0412041|10
181.633|0.0412041|10
187.551|0.0412041|10
193.469|0.0412041|10
199.388|0.0412041|10
205.306|0.0412041|10
211.224|0.0412041|10
217.143|0.0412041|10
223.061|0.0412041|10
228.98|0.0412041|10
234.898|0.0412041|10
240.816|0.0412041|10
246.735|0.0412041|10
252.653|0.0412041|10
258.571|0.0412041|10
264.49|0.0412041|10
270.408|0.0412041|10
276.327|0.0412041|10
282.245|0.0412041|10
288.163|0.0412041|10
294.082|0.0412041|10
300|0.0412041|10
10|0.0427143|10
15.9184|0.0427143|10
21.8367|0.0427143|10
27.7551|0.0427143|10
33.6735|0.0427143|10
39.5918|0.0427143|10
45.5102|0.0427143|10
51.4286|0.0427143|10
57.3469|0.0427143|10
63.2653|0.0427143|10
69.1837|0.0427143|10
75.102|0.0427143|10
81.0204|0.0427143|10
86.9388|0.0427143|10
92.8571|0.0427143|10
98.7755|0.0427143|10
104.694|0.0427143|10
110.612|0.0427143|10
116.531|0.0427143|10
122.449|0.0427143|10
128.367|0.0427143|10
134.286|0.0427143|10
140.204|0.0427143|10
146.122|0.0427143|10
152.041|0.0427143|10
157.959|0.0427143|10
163.878|0.0427143|10
169.796|0.0427143|10
175.714|0.0427143|10
181.633|0.0427143|10
187.551|0.0427143|10
193.469|0.0427143|10
199.388|0.0427143|10
205.306|0.0427143|10
211.224|0.0427143|10
217.143|0.0427143|10
223.061|0.0427143|10
228.98|0.0427143|10
234.898|0.0427143|10
240.816|0.0427143|10
246.735|0.0427143|10
252.653|0.0427143|10
258.571|0.0427143|10
264.49|0.0427143|10
270.408|0.0427143|10
276.327|0.0427143|10
282.245|0.0427143|10
288.163|0.0427143|10
294.082|0.0427143|10
300|0.0427143|10
10|0.0442245|10
15.9184|0.0442245|10
21.8367|0.0442245|10
27.7551|0.0442245|10
33.6735|0.0442245|10
39.5918|0.0442245|10
45.5102|0.0442245|10
51.4286|0.0442245|10
57.3469|0.0442245|10
63.2653|0.0442245|10
69.1837|0.0442245|10
75.102|0.0442245|10
81.0204|0.0442245|10
86.9388|0.0442245|10
92.8571|0.0442245|10
98.7755|0.0442245|10
104.694|0.0442245|10
110.612|0.0442245|10
116.531|0.0442245|10
122.449|0.0442245|10
128.367|0.0442245|10
134.286|0.0442245|10
140.204|0.0442245|10
146.122|0.0442245|10
152.041|0.0442245|10
157.959|0.0442245|10
163.878|0.0442245|10
169.796|0.0442245|10
175.714|0.0442245|10
181.633|0.0442245|10
187.551|0.0442245|10
193.469|0.0442245|10
199.388|0.0442245|10
205.306|0.0442245|10
211.224|0.0442245|10
217.143|0.0442245|10
223.061|0.0442245|10
228.98|0.0442245|10
234.898|0.0442245|10
240.816|0.0442245|10
246.735|0.0442245|10
252.653|0.0442245|10
258.571|0.0442245|10
264.49|0.0442245|10
270.408|0.0442245|10
276.327|0.0442245|10
282.245|0.0442245|10
288.163|0.0442245|10
294.082|0.0442245|10
300|0.0442245|10
10|0.0457347|10
15.9184|0.0457347|10
21.8367|0.0457347|10
27.7551|0.0457347|10
33.6735|0.0457347|10
39.5918|0.0457347|10
45.5102|0.0457347|10
51.4286|0.0457347|10
57.3469|0.0457347|10
63.2653|0.0457347|10
69.1837|0.0457347|10
75.102|0.0457347|10
81.0204|0.0457347|10
86.9388|0.0457347|10
92.8571|0.0457347|10
98.7755|0.0457347|10
104.694|0.0457347|10
110.612|0.0457347|10
116.531|0.0457347|10
122.449|0.0457347|10
128.367|0.0457347|10
134.286|0.0457347|10
140.204|0.0457347|10
146.122|0.0457347|10
152.041|0.0457347|10
157.959|0.0457347|10
163.878|0.0457347|10
169.796|0.0457347|10
175.714|0.0457347|10
181.633|0.0457347|10
187.551|0.0457347|10
193.469|0.0457347|10
199.388|0.0457347|10
205.306|0.0457347|10
211.224|0.0457347|10
217.143|0.0457347|10
223.061|0.0457347|10
228.98|0.0457347|10
234.898|0.0457347|10
240.816|0.0457347|10
246.735|0.0457347|10
252.653|0.0457347|10
258.571|0.0457347|10
264.49|0.0457347|10
270.408|0.0457347|10
276.327|0.0457347|10
282.245|0.0457347|10
288.163|0.0457347|10
294.082|0.0457347|10
300|0.0457347|10
10|0.0472449|10
15.9184|0.0472449|10
21.8367|0.0472449|10
27.7551|0.0472449|10
33.6735|0.0472449|10
39.5918|0.0472449|10
45.5102|0.0472449|10
51.4286|0.0472449|10
57.3469|0.0472449|10
63.2653|0.0472449|10
69.1837|0.0472449|10
75.102|0.0472449|10
81.0204|0.0472449|10
86.9388|0.0472449|10
92.8571|0.0472449|10
98.7755|0.0472449|10
104.694|0.0472449|10
110.612|0.0472449|10
116.531|0.0472449|10
122.449|0.0472449|10
128.367|0.0472449|10
134.286|0.0472449|10
140.204|0.0472449|10
146.122|0.0472449|10
152.041|0.0472449|10
157.959|0.0472449|10
163.878|0.0472449|10
169.796|0.0472449|10
175.714|0.0472449|10
181.633|0.0472449|10
187.551|0.0472449|10
193.469|0.0472449|10
199.388|0.0472449|10
205.306|0.0472449|10
211.224|0.0472449|10
217.143|0.0472449|10
223.061|0.0472449|10
228.98|0.0472449|10
234.898|0.0472449|10
240.816|0.0472449|10
246.735|0.0472449|10
252.653|0.0472449|10
258.571|0.0472449|10
264.49|0.0472449|10
270.408|0.0472449|10
276.327|0.0472449|10
282.245|0.0472449|10
288.163|0.0472449|10
294.082|0.0472449|10
300|0.0472449|10
10|0.0487551|10
15.9184|0.0487551|10
21.8367|0.0487551|10
27.7551|0.0487551|10
33.6735|0.0487551|10
39.5918|0.0487551|10
45.5102|0.0487551|10
51.4286|0.0487551|10
57.3469|0.0487551|10
63.2653|0.0487551|10
69.1837|0.0487551|10
75.102|0.0487551|10
81.0204|0.0487551|10
86.9388|0.0487551|10
92.8571|0.0487551|10
98.7755|0.0487551|10
104.694|0.0487551|10
110.612|0.0487551|10
116.531|0.0487551|10
122.449|0.0487551|10
128.367|0.0487551|10
134.286|0.0487551|10
140.204|0.0487551|10
146.122|0.0487551|10
152.041|0.0487551|10
157.959|0.0487551|10
163.878|0.0487551|10
169.796|0.0487551|10
175.714|0.0487551|10
181.633|0.0487551|10
187.551|0.0487551|10
193.469|0.0487551|10
199.388|0.0487551|10
205.306|0.0487551|10
211.224|0.0487551|10
217.143|0.0487551|10
223.061|0.0487551|10
228.98|0.0487551|10
234.898|0.0487551|10
240.816|0.0487551|10
246.735|0.0487551|10
252.653|0.0487551|10
258.571|0.0487551|10
264.49|0.0487551|10
270.408|0.0487551|10
276.327|0.0487551|10
282.245|0.0487551|10
288.163|0.0487551|10
294.082|0.0487551|10
300|0.0487551|10
10|0.0502653|10
15.9184|0.0502653|10
21.8367|0.0502653|10
27.7551|0.0502653|10
33.6735|0.0502653|10
39.5918|0.0502653|10
45.5102|0.0502653|10
51.4286|0.0502653|10
57.3469|0.0502653|10
63.2653|0.0502653|10
69.1837|0.0502653|10
75.102|0.0502653|10
81.0204|0.0502653|10
86.9388|0.0502653|10
92.8571|0.0502653|10
98.7755|0.0502653|10
104.694|0.0502653|10
110.612|0.0502653|10
116.531|0.0502653|10
122.449|0.0502653|10
128.367|0.0502653|10
134.286|0.0502653|10
140.204|0.0502653|10
146.122|0.0502653|10
152.041|0.0502653|10
157.959|0.0502653|10
163.878|0.0502653|10
169.796|0.0502653|10
175.714|0.0502653|10
181.633|0.0502653|10
187.551|0.0502653|10
193.469|0.0502653|10
199.388|0.0502653|10
205.306|0.0502653|10
211.224|0.0502653|10
217.143|0.0502653|10
223.061|0.0502653|10
228.98|0.0502653|10
234.898|0.0502653|10
240.816|0.0502653|10
246.735|0.0502653|10
252.653|0.0502653|10
258.571|0.0502653|10
264.49|0.0502653|10
270.408|0.0502653|10
276.327|0.0502653|10
282.245|0.0502653|10
288.163|0.0502653|10
294.082|0.0502653|10
300|0.0502653|10
10|0.0517755|10
15.9184|0.0517755|10
21.8367|0.0517755|10
27.7551|0.0517755|10
33.6735|0.0517755|10
39.5918|0.0517755|10
45.5102|0.0517755|10
51.4286|0.0517755|10
57.3469|0.0517755|10
63.2653|0.0517755|10
69.1837|0.0517755|10
75.102|0.0517755|10
81.0204|0.0517755|10
86.9388|0.0517755|10
92.8571|0.0517755|10
98.7755|0.0517755|10
104.694|0.0517755|10
110.612|0.0517755|10
116.531|0.0517755|10
122.449|0.0517755|10
128.367|0.0517755|10
134.286|0.0517755|10
140.204|0.0517755|10
146.122|0.0517755|10
152.041|0.0517755|10
157.959|0.0517755|10
163.878|0.0517755|10
169.796|0.0517755|10
175.714|0.0517755|10
181.633|0.0517755|10
187.551|0.0517755|10
193.469|0.0517755|10
199.388|0.0517755|10
205.306|0.0517755|10
211.224|0.0517755|10
217.143|0.0517755|10
223.061|0.0517755|10
228.98|0.0517755|10
234.898|0.0517755|10
240.816|0.0517755|10
246.735|0.0517755|10
252.653|0.0517755|10
258.571|0.0517755|10
264.49|0.0517755|10
270.408|0.0517755|10
276.327|0.0517755|10
282.245|0.0517755|10
288.163|0.0517755|10
294.082|0.0517755|10
300|0.0517755|10
10|0.0532857|10
15.9184|0.0532857|10
21.8367|0.0532857|10
27.7551|0.0532857|10
33.6735|0.0532857|10
39.5918|0.0532857|10
45.5102|0.0532857|10
51.4286|0.0532857|10
57.3469|0.0532857|10
63.2653|0.0532857|10
69.1837|0.0532857|10
75.102|0.0532857|10
81.0204|0.0532857|10
86.9388|0.0532857|10
92.8571|0.0532857|10
98.7755|0.0532857|10
104.694|0.0532857|10
110.612|0.0532857|10
116.531|0.0532857|10
122.449|0.0532857|10
128.367|0.0532857|10
134.286|0.0532857|10
140.204|0.0532857|10
146.122|0.0532857|10
152.041|0.0532857|10
157.959|0.0532857|10
163.878|0.0532857|10
169.796|0.0532857|10
175.714|0.0532857|10
181.633|0.0532857|10
187.551|0.0532857|10
193.469|0.0532857|10
199.388|0.0532857|10
205.306|0.0532857|10
211.224|0.0532857|10
217.143|0.0532857|10
223.061|0.0532857|10
228.98|0.0532857|10
234.898|0.0532857|10
240.816|0.0532857|10
246.735|0.0532857|10
252.653|0.0532857|10
258.571|0.0532857|10
264.49|0.0532857|10
270.408|0.0532857|10
276.327|0.0532857|10
282.245|0.0532857|10
288.163|0.0532857|10
294.082|0.0532857|10
300|0.0532857|10
10|0.0547959|10
15.9184|0.0547959|10
21.8367|0.0547959|10
27.7551|0.0547959|10
33.6735|0.0547959|10
39.5918|0.0547959|10
45.5102|0.0547959|10
51.4286|0.0547959|10
57.3469|0.0547959|10
63.2653|0.0547959|10
69.1837|0.0547959|10
75.102|0.0547959|10
81.0204|0.0547959|10
86.9388|0.0547959|10
92.8571|0.0547959|10
98.7755|0.0547959|10
104.694|0.0547959|10
110.612|0.0547959|10
116.531|0.0547959|10
122.449|0.0547959|10
128.367|0.0547959|10
134.286|0.0547959|10
140.204|0.0547959|10
146.122|0.0547959|10
152.041|0.0547959|10
157.959|0.0547959|10
163.878|0.0547959|10
169.796|0.0547959|10
175.714|0.0547959|10
181.633|0.0547959|10
187.551|0.0547959|10
193.469|0.0547959|10
199.388|0.0547959|10
205.306|0.0547959|10
211.224|0.0547959|10
217.143|0.0547959|10
223.061|0.0547959|10
228.98|0.0547959|10
234.898|0.0547959|10
240.816|0.0547959|10
246.735|0.0547959|10
252.653|0.0547959|10
258.571|0.0547959|10
264.49|0.0547959|10
270.408|0.0547959|10
276.327|0.0547959|10
282.245|0.0547959|10
288.163|0.0547959|10
294.082|0.0547959|10
300|0.0547959|10
10|0.0563061|10
15.9184|0.0563061|10
21.8367|0.0563061|10
27.7551|0.0563061|10
33.6735|0.0563061|10
39.5918|0.0563061|10
45.5102|0.0563061|10
51.4286|0.0563061|10
57.3469|0.0563061|10
63.2653|0.0563061|10
69.1837|0.0563061|10
75.102|0.0563061|10
81.0204|0.0563061|10
86.9388|0.0563061|10
92.8571|0.0563061|10
98.7755|0.0563061|10
104.694|0.0563061|10
110.612|0.0563061|10
116.531|0.0563061|10
122.449|0.0563061|10
128.367|0.0563061|10
134.286|0.0563061|10
140.204|0.0563061|10
146.122|0.0563061|10
152.041|0.0563061|10
157.959|0.0563061|10
163.878|0.0563061|10
169.796|0.0563061|10
175.714|0.0563061|10
181.633|0.0563061|10
187.551|0.0563061|10
193.469|0.0563061|10
199.388|0.0563061|10
205.306|0.0563061|10
211.224|0.0563061|10
217.143|0.0563061|10
223.061|0.0563061|10
228.98|0.0563061|10
234.898|0.0563061|10
240.816|0.0563061|10
246.735|0.0563061|10
252.653|0.0563061|10
258.571|0.0563061|10
264.49|0.0563061|10
270.408|0.0563061|10
276.327|0.0563061|10
282.245|0.0563061|10
288.163|0.0563061|10
294.082|0.0563061|10
300|0.0563061|10
10|0.0578163|10
15.9184|0.0578163|10
21.8367|0.0578163|10
27.7551|0.0578163|10
33.6735|0.0578163|10
39.5918|0.0578163|10
45.5102|0.0578163|10
51.4286|0.0578163|10
57.3469|0.0578163|10
63.2653|0.0578163|10
69.1837|0.0578163|10
75.102|0.0578163|10
81.0204|0.0578163|10
86.9388|0.0578163|10
92.8571|0.0578163|10
98.7755|0.0578163|10
104.694|0.0578163|10
110.612|0.0578163|10
116.531|0.0578163|10
122.449|0.0578163|10
128.367|0.0578163|10
134.286|0.0578163|10
140.204|0.0578163|10
146.122|0.0578163|10
152.041|0.0578163|10
157.959|0.0578163|10
163.878|0.0578163|10
169.796|0.0578163|10
175.714|0.0578163|10
181.633|0.0578163|10
187.551|0.0578163|10
193.469|0.0578163|10
199.388|0.0578163|10
205.306|0.0578163|10
211.224|0.0578163|10
217.143|0.0578163|10
223.061|0.0578163|10
228.98|0.0578163|10
234.898|0.0578163|10
240.816|0.0578163|10
246.735|0.0578163|10
252.653|0.0578163|10
258.571|0.0578163|10
264.49|0.0578163|10
270.408|0.0578163|10
276.327|0.0578163|10
282.245|0.0578163|10
288.163|0.0578163|10
294.082|0.0578163|10
300|0.0578163|10
10|0.0593265|10
15.9184|0.0593265|10
21.8367|0.0593265|10
27.7551|0.0593265|10
33.6735|0.0593265|10
39.5918|0.0593265|10
45.5102|0.0593265|10
51.4286|0.0593265|10
57.3469|0.0593265|10
63.2653|0.0593265|10
69.1837|0.0593265|10
75.102|0.0593265|10
81.0204|0.0593265|10
86.9388|0.0593265|10
92.8571|0.0593265|10
98.7755|0.0593265|10
104.694|0.0593265|10
110.612|0.0593265|10
116.531|0.0593265|10
122.449|0.0593265|10
128.367|0.0593265|10
134.286|0.0593265|10
140.204|0.0593265|10
146.122|0.0593265|10
152.041|0.0593265|10
157.959|0.0593265|10
163.878|0.0593265|10
169.796|0.0593265|10
175.714|0.0593265|10
181.633|0.0593265|10
187.551|0.0593265|10
193.469|0.0593265|10
199.388|0.0593265|10
205.306|0.0593265|10
211.224|0.0593265|10
217.143|0.0593265|10
223.061|0.0593265|10
228.98|0.0593265|10
234.898|0.0593265|10
240.816|0.0593265|10
246.735|0.0593265|10
252.653|0.0593265|10
258.571|0.0593265|10
264.49|0.0593265|10
270.408|0.0593265|10
276.327|0.0593265|10
282.245|0.0593265|10
288.163|0.0593265|10
294.082|0.0593265|10
300|0.0593265|10
10|0.0608367|10
15.9184|0.0608367|10
21.8367|0.0608367|10
27.7551|0.0608367|10
33.6735|0.0608367|10
39.5918|0.0608367|10
45.5102|0.0608367|10
51.4286|0.0608367|10
57.3469|0.0608367|10
63.2653|0.0608367|10
69.1837|0.0608367|10
75.102|0.0608367|10
81.0204|0.0608367|10
86.9388|0.0608367|10
92.8571|0.0608367|10
98.7755|0.0608367|10
104.694|0.0608367|10
110.612|0.0608367|10
116.531|0.0608367|10
122.449|0.0608367|10
128.367|0.0608367|10
134.286|0.0608367|10
140.204|0.0608367|10
146.122|0.0608367|10
152.041|0.0608367|10
157.959|0.0608367|10
163.878|0.0608367|10
169.796|0.0608367|10
175.714|0.0608367|10
181.633|0.0608367|10
187.551|0.0608367|10
193.469|0.0608367|10
199.388|0.0608367|10
205.306|0.0608367|10
211.224|0.0608367|10
217.143|0.0608367|10
223.061|0.0608367|10
228.98|0.0608367|10
234.898|0.0608367|10
240.816|0.0608367|10
246.735|0.0608367|10
252.653|0.0608367|10
258.571|0.0608367|10
264.49|0.0608367|10
270.408|0.0608367|10
276.327|0.0608367|10
282.245|0.0608367|10
288.163|0.0608367|10
294.082|0.0608367|10
300|0.0608367|10
10|0.0623469|10
15.9184|0.0623469|10
21.8367|0.0623469|10
27.7551|0.0623469|10
33.6735|0.0623469|10
39.5918|0.0623469|10
45.5102|0.0623469|10
51.4286|0.0623469|10
57.3469|0.0623469|10
63.2653|0.0623469|10
69.1837|0.0623469|10
75.102|0.0623469|10
81.0204|0.0623469|10
86.9388|0.0623469|10
92.8571|0.0623469|10
98.7755|0.0623469|10
104.694|0.0623469|10
110.612|0.0623469|10
116.531|0.0623469|10
122.449|0.0623469|10
128.367|0.0623469|10
134.286|0.0623469|10
140.204|0.0623469|10
146.122|0.0623469|10
152.041|0.0623469|10
157.959|0.0623469|10
163.878|0.0623469|10
169.796|0.0623469|10
175.714|0.0623469|10
181.633|0.0623469|10
187.551|0.0623469|10
193.469|0.0623469|10
199.388|0.0623469|10
205.306|0.0623469|10
211.224|0.0623469|10
217.143|0.0623469|10
223.061|0.0623469|10
228.98|0.0623469|10
234.898|0.0623469|10
240.816|0.0623469|10
246.735|0.0623469|10
252.653|0.0623469|10
258.571|0.0623469|10
264.49|0.0623469|10
270.408|0.0623469|10
276.327|0.0623469|10
282.245|0.0623469|10
288.163|0.0623469|10
294.082|0.0623469|10
300|0.0623469|10
10|0.0638571|10
15.9184|0.0638571|10
21.8367|0.0638571|10
27.7551|0.0638571|10
33.6735|0.0638571|10
39.5918|0.0638571|10
45.5102|0.0638571|10
51.4286|0.0638571|10
57.3469|0.0638571|10
63.2653|0.0638571|10
69.1837|0.0638571|10
75.102|0.0638571|10
81.0204|0.0638571|10
86.9388|0.0638571|10
92.8571|0.0638571|10
98.7755|0.0638571|10
104.694|0.0638571|10
110.612|0.0638571|10
116.531|0.0638571|10
122.449|0.0638571|10
128.367|0.0638571|10
134.286|0.0638571|10
140.204|0.0638571|10
146.122|0.0638571|10
152.041|0.0638571|10
157.959|0.0638571|10
163.878|0.0638571|10
169.796|0.0638571|10
175.714|0.0638571|10
181.633|0.0638571|10
187.551|0.0638571|10
193.469|0.0638571|10
199.388|0.0638571|10
205.306|0.0638571|10
211.224|0.0638571|10
217.143|0.0638571|10
223.061|0.0638571|10
228.98|0.0638571|10
234.898|0.0638571|10
240.816|0.0638571|10
246.735|0.0638571|10
252.653|0.0638571|10
258.571|0.0638571|10
264.49|0.0638571|10
270.408|0.0638571|10
276.327|0.0638571|10
282.245|0.0638571|10
288.163|0.0638571|10
294.082|0.0638571|10
300|0.0638571|10
10|0.0653673|10
15.9184|0.0653673|10
21.8367|0.0653673|10
27.7551|0.0653673|10
33.6735|0.0653673|10
39.5918|0.0653673|10
45.5102|0.0653673|10
51.4286|0.0653673|10
57.3469|0.0653673|10
63.2653|0.0653673|10
69.1837|0.0653673|10
75.102|0.0653673|10
81.0204|0.0653673|10
86.9388|0.0653673|10
92.8571|0.0653673|10
98.7755|0.0653673|10
104.694|0.0653673|10
110.612|0.0653673|10
116.531|0.0653673|10
122.449|0.0653673|10
128.367|0.0653673|10
134.286|0.0653673|10
140.204|0.0653673|10
146.122|0.0653673|10
152.041|0.0653673|10
157.959|0.0653673|10
163.878|0.0653673|10
169.796|0.0653673|10
175.714|0.0653673|10
181.633|0.0653673|10
187.551|0.0653673|10
193.469|0.0653673|10
199.388|0.0653673|10
205.306|0.0653673|10
211.224|0.0653673|10
217.143|0.0653673|10
223.061|0.0653673|10
228.98|0.0653673|10
234.898|0.0653673|10
240.816|0.0653673|10
246.735|0.0653673|10
252.653|0.0653673|10
258.571|0.0653673|10
264.49|0.0653673|10
270.408|0.0653673|10
276.327|0.0653673|10
282.245|0.0653673|10
288.163|0.0653673|10
294.082|0.0653673|10
300|0.0653673|10
10|0.0668776|10
15.9184|0.0668776|10
21.8367|0.0668776|10
27.7551|0.0668776|10
33.6735|0.0668776|10
39.5918|0.0668776|10
45.5102|0.0668776|10
51.4286|0.0668776|10
57.3469|0.0668776|10
63.2653|0.0668776|10
69.1837|0.0668776|10
75.102|0.0668776|10
81.0204|0.0668776|10
86.9388|0.0668776|10
92.8571|0.0668776|10
98.7755|0.0668776|10
104.694|0.0668776|10
110.612|0.0668776|10
116.531|0.0668776|10
122.449|0.0668776|10
128.367|0.0668776|10
134.286|0.0668776|10
140.204|0.0668776|10
146.122|0.0668776|10
152.041|0.0668776|10
157.959|0.0668776|10
163.878|0.0668776|10
169.796|0.0668776|10
175.714|0.0668776|10
181.633|0.0668776|10
187.551|0.0668776|10
193.469|0.0668776|10
199.388|0.0668776|10
205.306|0.0668776|10
211.224|0.0668776|10
217.143|0.0668776|10
223.061|0.0668776|10
228.98|0.0668776|10
234.898|0.0668776|10
240.816|0.0668776|10
246.735|0.0668776|10
252.653|0.0668776|10
258.571|0.0668776|10
264.49|0.0668776|10
270.408|0.0668776|10
276.327|0.0668776|10
282.245|0.0668776|10
288.163|0.0668776|10
294.082|0.0668776|10
300|0.0668776|10
10|0.0683878|10
15.9184|0.0683878|10
21.8367|0.0683878|10
27.7551|0.0683878|10
33.6735|0.0683878|10
39.5918|0.0683878|10
45.5102|0.0683878|10
51.4286|0.0683878|10
57.3469|0.0683878|10
63.2653|0.0683878|10
69.1837|0.0683878|10
75.102|0.0683878|10
81.0204|0.0683878|10
86.9388|0.0683878|10
92.8571|0.0683878|10
98.7755|0.0683878|10
104.694|0.0683878|10
110.612|0.0683878|10
116.531|0.0683878|10
122.449|0.0683878|10
128.367|0.0683878|10
134.286|0.0683878|10
140.204|0.0683878|10
146.122|0.0683878|10
152.041|0.0683878|10
157.959|0.0683878|10
163.878|0.0683878|10
169.796|0.0683878|10
175.714|0.0683878|10
181.633|0.0683878|10
187.551|0.0683878|10
193.469|0.0683878|10
199.388|0.0683878|10
205.306|0.0683878|10
211.224|0.0683878|10
217.143|0.0683878|10
223.061|0.0683878|10
228.98|0.0683878|10
234.898|0.0683878|10
240.816|0.0683878|10
246.735|0.0683878|10
252.653|0.0683878|10
258.571|0.0683878|10
264.49|0.0683878|10
270.408|0.0683878|10
276.327|0.0683878|10
282.245|0.0683878|10
288.163|0.0683878|10
294.082|0.0683878|10
300|0.0683878|10
10|0.069898|10
15.9184|0.069898|10
21.8367|0.069898|10
27.7551|0.069898|10
33.6735|0.069898|10
39.5918|0.069898|10
45.5102|0.069898|10
51.4286|0.069898|10
57.3469|0.069898|10
63.2653|0.069898|10
69.1837|0.069898|10
75.102|0.069898|10
81.0204|0.069898|10
86.9388|0.069898|10
92.8571|0.069898|10
98.7755|0.069898|10
104.694|0.069898|10
110.612|0.069898|10
116.531|0.069898|10
122.449|0.069898|10
128.367|0.069898|10
134.286|0.069898|10
140.204|0.069898|10
146.122|0.069898|10
152.041|0.069898|10
157.959|0.069898|10
163.878|0.069898|10
169.796|0.069898|10
175.714|0.069898|10
181.633|0.069898|10
187.551|0.069898|10
193.469|0.069898|10
199.388|0.069898|10
205.306|0.069898|10
211.224|0.069898|10
217.143|0.069898|10
223.061|0.069898|10
228.98|0.069898|10
234.898|0.069898|10
240.816|0.069898|10
246.735|0.069898|10
252.653|0.069898|10
258.571|0.069898|10
264.49|0.069898|10
270.408|0.069898|10
276.327|0.069898|10
282.245|0.069898|10
288.163|0.069898|10
294.082|0.069898|10
300|0.069898|10
10|0.0714082|10
15.9184|0.0714082|10
21.8367|0.0714082|10
27.7551|0.0714082|10
33.6735|0.0714082|10
39.5918|0.0714082|10
45.5102|0.0714082|10
51.4286|0.0714082|10
57.3469|0.0714082|10
63.2653|0.0714082|10
69.1837|0.0714082|10
75.102|0.0714082|10
81.0204|0.0714082|10
86.9388|0.0714082|10
92.8571|0.0714082|10
98.7755|0.0714082|10
104.694|0.0714082|10
110.612|0.0714082|10
116.531|0.0714082|10
122.449|0.0714082|10
128.367|0.0714082|10
134.286|0.0714082|10
140.204|0.0714082|10
146.122|0.0714082|10
152.041|0.0714082|10
157.959|0.0714082|10
163.878|0.0714082|10
169.796|0.0714082|10
175.714|0.0714082|10
181.633|0.0714082|10
187.551|0.0714082|10
193.469|0.0714082|10
199.388|0.0714082|10
205.306|0.0714082|10
211.224|0.0714082|10
217.143|0.0714082|10
223.061|0.0714082|10
228.98|0.0714082|10
234.898|0.0714082|10
240.816|0.0714082|10
246.735|0.0714082|10
252.653|0.0714082|10
258.571|0.0714082|10
264.49|0.0714082|10
270.408|0.0714082|10
276.327|0.0714082|10
282.245|0.0714082|10
288.163|0.0714082|10
294.082|0.0714082|10
300|0.0714082|10
10|0.0729184|10
15.9184|0.0729184|10
21.8367|0.0729184|10
27.7551|0.0729184|10
33.6735|0.0729184|10
39.5918|0.0729184|10
45.5102|0.0729184|10
51.4286|0.0729184|10
57.3469|0.0729184|10
63.2653|0.0729184|10
69.1837|0.0729184|10
75.102|0.0729184|10
81.0204|0.0729184|10
86.9388|0.0729184|10
92.8571|0.0729184|10
98.7755|0.0729184|10
104.694|0.0729184|10
110.612|0.0729184|10
116.531|0.0729184|10
122.449|0.0729184|10
128.367|0.0729184|10
134.286|0.0729184|10
140.204|0.0729184|10
146.122|0.0729184|10
152.041|0.0729184|10
157.959|0.0729184|10
163.878|0.0729184|10
169.796|0.0729184|10
175.714|0.0729184|10
181.633|0.0729184|10
187.551|0.0729184|10
193.469|0.0729184|10
199.388|0.0729184|10
205.306|0.0729184|10
211.224|0.0729184|10
217.143|0.0729184|10
223.061|0.0729184|10
228.98|0.0729184|10
234.898|0.0729184|10
240.816|0.0729184|10
246.735|0.0729184|10
252.653|0.0729184|10
258.571|0.0729184|10
264.49|0.0729184|10
270.408|0.0729184|10
276.327|0.0729184|10
282.245|0.0729184|10
288.163|0.0729184|10
294.082|0.0729184|10
300|0.0729184|10
10|0.0744286|10
15.9184|0.0744286|10
21.8367|0.0744286|10
27.7551|0.0744286|10
33.6735|0.0744286|10
39.5918|0.0744286|10
45.5102|0.0744286|10
51.4286|0.0744286|10
57.3469|0.0744286|10
63.2653|0.0744286|10
69.1837|0.0744286|10
75.102|0.0744286|10
81.0204|0.0744286|10
86.9388|0.0744286|10
92.8571|0.0744286|10
98.7755|0.0744286|10
104.694|0.0744286|10
110.612|0.0744286|10
116.531|0.0744286|10
122.449|0.0744286|10
128.367|0.0744286|10
134.286|0.0744286|10
140.204|0.0744286|10
146.122|0.0744286|10
152.041|0.0744286|10
157.959|0.0744286|10
163.878|0.0744286|10
169.796|0.0744286|10
175.714|0.0744286|10
181.633|0.0744286|10
187.551|0.0744286|10
193.469|0.0744286|10
199.388|0.0744286|10
205.306|0.0744286|10
211.224|0.0744286|10
217.143|0.0744286|10
223.061|0.0744286|10
228.98|0.0744286|10
234.898|0.0744286|10
240.816|0.0744286|10
246.735|0.0744286|10
252.653|0.0744286|10
258.571|0.0744286|10
264.49|0.0744286|10
270.408|0.0744286|10
276.327|0.0744286|10
282.245|0.0744286|10
288.163|0.0744286|10
294.082|0.0744286|10
300|0.0744286|10
10|0.0759388|10
15.9184|0.0759388|10
21.8367|0.0759388|10
27.7551|0.0759388|10
33.6735|0.0759388|10
39.5918|0.0759388|10
45.5102|0.0759388|10
51.4286|0.0759388|10
57.3469|0.0759388|10
63.2653|0.0759388|10
69.1837|0.0759388|10
75.102|0.0759388|10
81.0204|0.0759388|10
86.9388|0.0759388|10
92.8571|0.0759388|10
98.7755|0.0759388|10
104.694|0.0759388|10
110.612|0.0759388|10
116.531|0.0759388|10
122.449|0.0759388|10
128.367|0.0759388|10
134.286|0.0759388|10
140.204|0.0759388|10
146.122|0.0759388|10
152.041|0.0759388|10
157.959|0.0759388|10
163.878|0.0759388|10
169.796|0.0759388|10
175.714|0.0759388|10
181.633|0.0759388|10
187.551|0.0759388|10
193.469|0.0759388|10
199.388|0.0759388|10
205.306|0.0759388|10
211.224|0.0759388|10
217.143|0.0759388|10
223.061|0.0759388|10
228.98|0.0759388|10
234.898|0.0759388|10
240.816|0.0759388|10
246.735|0.0759388|10
252.653|0.0759388|10
258.571|0.0759388|10
264.49|0.0759388|10
270.408|0.0759388|10
276.327|0.0759388|10
282.245|0.0759388|10
288.163|0.0759388|10
294.082|0.0759388|10
300|0.0759388|10
10|0.077449|10
15.9184|0.077449|10
21.8367|0.077449|10
27.7551|0.077449|10
33.6735|0.077449|10
39.5918|0.077449|10
45.5102|0.077449|10
51.4286|0.077449|10
57.3469|0.077449|10
63.2653|0.077449|10
69.1837|0.077449|10
75.102|0.077449|10
81.0204|0.077449|10
86.9388|0.077449|10
92.8571|0.077449|10
98.7755|0.077449|10
104.694|0.077449|10
110.612|0.077449|10
116.531|0.077449|10
122.449|0.077449|10
128.367|0.077449|10
134.286|0.077449|10
140.204|0.077449|10
146.122|0.077449|10
152.041|0.077449|10
157.959|0.077449|10
163.878|0.077449|10
169.796|0.077449|10
175.714|0.077449|10
181.633|0.077449|10
187.551|0.077449|10
193.469|0.077449|10
199.388|0.077449|10
205.306|0.077449|10
211.224|0.077449|10
217.143|0.077449|10
223.061|0.077449|10
228.98|0.077449|10
234.898|0.077449|10
240.816|0.077449|10
246.735|0.077449|10
252.653|0.077449|10
258.571|0.077449|10
264.49|0.077449|10
270.408|0.077449|10
276.327|0.077449|10
282.245|0.077449|10
288.163|0.077449|10
294.082|0.077449|10
300|0.077449|10
10|0.0789592|10
15.9184|0.0789592|10
21.8367|0.0789592|10
27.7551|0.0789592|10
33.6735|0.0789592|10
39.5918|0.0789592|10
45.5102|0.0789592|10
51.4286|0.0789592|10
57.3469|0.0789592|10
63.2653|0.0789592|10
69.1837|0.0789592|10
75.102|0.0789592|10
81.0204|0.0789592|10
86.9388|0.0789592|10
92.8571|0.0789592|10
98.7755|0.0789592|10
104.694|0.0789592|10
110.612|0.0789592|10
116.531|0.0789592|10
122.449|0.0789592|10
128.367|0.0789592|10
134.286|0.0789592|10
140.204|0.0789592|10
146.122|0.0789592|10
152.041|0.0789592|10
157.959|0.0789592|10
163.878|0.0789592|10
169.796|0.0789592|10
175.714|0.0789592|10
181.633|0.0789592|10
187.551|0.0789592|10
193.469|0.0789592|10
199.388|0.0789592|10
205.306|0.0789592|10
211.224|0.0789592|10
217.143|0.0789592|10
223.061|0.0789592|10
228.98|0.0789592|10
234.898|0.0789592|10
240.816|0.0789592|10
246.735|0.0789592|10
252.653|0.0789592|10
258.571|0.0789592|10
264.49|0.0789592|10
270.408|0.0789592|10
276.327|0.0789592|10
282.245|0.0789592|10
288.163|0.0789592|10
294.082|0.0789592|10
300|0.0789592|10
10|0.0804694|10
15.9184|0.0804694|10
21.8367|0.0804694|10
27.7551|0.0804694|10
33.6735|0.0804694|10
39.5918|0.0804694|10
45.5102|0.0804694|10
51.4286|0.0804694|10
57.3469|0.0804694|10
63.2653|0.0804694|10
69.1837|0.0804694|10
75.102|0.0804694|10
81.0204|0.0804694|10
86.9388|0.0804694|10
92.8571|0.0804694|10
98.7755|0.0804694|10
104.694|0.0804694|10
110.612|0.0804694|10
116.531|0.0804694|10
122.449|0.0804694|10
128.367|0.0804694|10
134.286|0.0804694|10
140.204|0.0804694|10
146.122|0.0804694|10
152.041|0.0804694|10
157.959|0.0804694|10
163.878|0.0804694|10
169.796|0.0804694|10
175.714|0.0804694|10
181.633|0.0804694|10
187.551|0.0804694|10
193.469|0.0804694|10
199.388|0.0804694|10
205.306|0.0804694|10
211.224|0.0804694|10
217.143|0.0804694|10
223.061|0.0804694|10
228.98|0.0804694|10
234.898|0.0804694|10
240.816|0.0804694|10
246.735|0.0804694|10
252.653|0.0804694|10
258.571|0.0804694|10
264.49|0.0804694|10
270.408|0.0804694|10
276.327|0.0804694|10
282.245|0.0804694|10
288.163|0.0804694|10
294.082|0.0804694|10
300|0.0804694|10
10|0.0819796|10
15.9184|0.0819796|10
21.8367|0.0819796|10
27.7551|0.0819796|10
33.6735|0.0819796|10
39.5918|0.0819796|10
45.5102|0.0819796|10
51.4286|0.0819796|10
57.3469|0.0819796|10
63.2653|0.0819796|10
69.1837|0.0819796|10
75.102|0.0819796|10
81.0204|0.0819796|10
86.9388|0.0819796|10
92.8571|0.0819796|10
98.7755|0.0819796|10
104.694|0.0819796|10
110.612|0.0819796|10
116.531|0.0819796|10
122.449|0.0819796|10
128.367|0.0819796|10
134.286|0.0819796|10
140.204|0.0819796|10
146.122|0.0819796|10
152.041|0.0819796|10
157.959|0.0819796|10
163.878|0.0819796|10
169.796|0.0819796|10
175.714|0.0819796|10
181.633|0.0819796|10
187.551|0.0819796|10
193.469|0.0819796|10
199.388|0.0819796|10
205.306|0.0819796|10
211.224|0.0819796|10
217.143|0.0819796|10
223.061|0.0819796|10
228.98|0.0819796|10
234.898|0.0819796|10
240.816|0.0819796|10
246.735|0.0819796|10
252.653|0.0819796|10
258.571|0.0819796|10
264.49|0.0819796|10
270.408|0.0819796|10
276.327|0.0819796|10
282.245|0.0819796|10
288.163|0.0819796|10
294.082|0.0819796|10
300|0.0819796|10
10|0.0834898|10
15.9184|0.0834898|10
21.8367|0.0834898|10
27.7551|0.0834898|10
33.6735|0.0834898|10
39.5918|0.0834898|10
45.5102|0.0834898|10
51.4286|0.0834898|10
57.3469|0.0834898|10
63.2653|0.0834898|10
69.1837|0.0834898|10
75.102|0.0834898|10
81.0204|0.0834898|10
86.9388|0.0834898|10
92.8571|0.0834898|10
98.7755|0.0834898|10
104.694|0.0834898|10
110.612|0.0834898|10
116.531|0.0834898|10
122.449|0.0834898|10
128.367|0.0834898|10
134.286|0.0834898|10
140.204|0.0834898|10
146.122|0.0834898|10
152.041|0.0834898|10
157.959|0.0834898|10
163.878|0.0834898|10
169.796|0.0834898|10
175.714|0.0834898|10
181.633|0.0834898|10
187.551|0.0834898|10
193.469|0.0834898|10
199.388|0.0834898|10
205.306|0.0834898|10
211.224|0.0834898|10
217.143|0.0834898|10
223.061|0.0834898|10
228.98|0.0834898|10
234.898|0.0834898|10
240.816|0.0834898|10
246.735|0.0834898|10
252.653|0.0834898|10
258.571|0.0834898|10
264.49|0.0834898|10
270.408|0.0834898|10
276.327|0.0834898|10
282.245|0.0834898|10
288.163|0.0834898|10
294.082|0.0834898|10
300|0.0834898|10
10|0.085|10
15.9184|0.085|10
21.8367|0.085|10
27.7551|0.085|10
33.6735|0.085|10
39.5918|0.085|10
45.5102|0.085|10
51.4286|0.085|10
57.3469|0.085|10
63.2653|0.085|10
69.1837|0.085|10
75.102|0.085|10
81.0204|0.085|10
86.9388|0.085|10
92.8571|0.085|10
98.7755|0.085|10
104.694|0.085|10
110.612|0.085|10
116.531|0.085|10
122.449|0.085|10
128.367|0.085|10
134.286|0.085|10
140.204|0.085|10
146.122|0.085|10
152.041|0.085|10
157.959|0.085|10
163.878|0.085|10
169.796|0.085|10
175.714|0.085|10
181.633|0.085|10
187.551|0.085|10
193.469|0.085|10
199.388|0.085|10
205.306|0.085|10
211.224|0.085|10
217.143|0.085|10
223.061|0.085|10
228.98|0.085|10
234.898|0.085|10
240.816|0.085|10
246.735|0.085|10
252.653|0.085|10
258.571|0.085|10
264.49|0.085|10
270.408|0.085|10
276.327|0.085|10
282.245|0.085|10
288.163|0.085|10
294.082|0.085|10
300|0.085|10
