23.712871287128714 4.0
36.13861386138614 11.0
34.94059405940594 18.0
13.0 6.0
17.0 9.0
13.0 17.0
5.0 8.0
4.0 10.0
7.0 17.465346534653467
14.0 5.0
14.009900990099009 9.0
18.821782178217823 12.0
23.475247524752476 3.0
21.594059405940595 12.0
11.0 12.0
11.049504950495049 5.0
14.851485148514852 6.0
24.0 18.0
7.485148514851486 7.0
7.089108910891089 3.0
9.0 24.0
48.0 3.0
31.08910891089109 5.0
17.673267326732674 13.0
13.0 3.0
15.0 15.0
13.821782178217822 12.0
21.0 9.0
28.0 10.0
29.019801980198018 11.0
6.0 5.0
6.0 13.0
9.0 23.0
21.405940594059405 4.0
24.0 12.0
19.0 17.0
0.0 4.0
0.0 7.0
1.0 20.0
26.722772277227723 5.0
30.0 11.0
24.08910891089109 18.0
0.0 3.0
0.0 10.0
1.0 20.0
7.0 8.0
12.0 10.0
7.0 22.0
16.871287128712872 7.0
15.782178217821782 8.0
19.128712871287128 20.0
22.207920792079207 2.0
20.0 17.0
19.217821782178216 24.0
1.0 5.0
1.0 11.0
1.0 15.0
9.782178217821782 4.0
4.0 9.0
8.198019801980198 17.0
16.0 6.0
17.613861386138613 11.0
17.0 15.0
31.0 2.0
22.99009900990099 7.0
27.059405940594058 11.0
21.0 4.0
26.0 13.0
31.99009900990099 16.0
13.732673267326733 4.0
11.0 14.0
11.0 18.0
18.801980198019802 3.0
18.81188118811881 13.0
18.178217821782177 15.0
6.0 7.0
4.0 8.0
3.0 15.0
4.0 4.0
8.0 11.0
11.0 17.0
12.0 4.03960396039604
12.0 6.0
9.0 23.0
0.0 5.0
0.0 8.0
2.0 24.0
13.0 7.0
18.287128712871286 10.0
12.0 18.0
8.0 5.0
9.0 10.0
6.0 12.0
28.871287128712872 10.0
23.0 12.0
18.92079207920792 24.0
6.0 7.0
11.0 14.0
9.108910891089108 18.0
11.0 6.0
8.613861386138614 12.0
9.0 20.0
13.0 4.0
17.18811881188119 13.0
9.0 18.0
19.623762376237625 6.0
21.0 12.0
18.207920792079207 14.0
27.900990099009903 2.0
25.0 14.0
22.465346534653467 25.0
36.0 4.0
37.10891089108911 11.0
36.0 26.0
27.92079207920792 8.0
21.06930693069307 11.0
30.96039603960396 18.0
27.0 4.0
23.0 16.0
19.801980198019802 16.0
14.0 4.0
18.900990099009903 8.0
14.702970297029703 21.0
35.9009900990099 4.0
34.0 17.0
24.633663366336634 15.0
21.425742574257427 2.0
21.455445544554454 13.0
21.900990099009903 17.0
17.0 4.0
17.22772277227723 10.554455445544555
18.0 22.0
29.465346534653467 3.0
30.584158415841586 7.0
25.0 18.0
37.56435643564357 3.0
29.81188118811881 11.0
20.0 19.0
10.237623762376238 3.0
16.0 12.0
21.693069306930692 17.0
1.0 4.0
1.0 8.0
1.0 20.0
25.316831683168317 4.0
22.099009900990097 8.0
32.148514851485146 18.0
3.0 7.0
7.0 9.0
8.92079207920792 10.0
