speed bound_cls bound_mts
1.377834236675698834e-02 2.662839506172839492e+02 6.000000000000000000e+01
2.721239837398372122e-02 2.641358024691357969e+02 1.200000000000000000e+02
4.275779132791331094e-02 2.616790123456789843e+02 2.399629629629629619e+02
7.572487579042461170e-02 4.271604938271605079e+01 5.980246913580246826e+01
8.530544263775977076e-02 4.493827160493827222e+01 1.188641975308642031e+02
9.206001580849144939e-02 4.524691358024691112e+01 2.298641975308642031e+02
8.751140469738030725e-02 2.060493827160493652e+01 5.991358024691358253e+01
9.260619918699189435e-02 2.213580246913580396e+01 1.171604938271604937e+02
9.667739385727194823e-02 1.959259259259259167e+01 2.320123456790123555e+02
2.558536585365861135e-02 2.069876543209876445e+02 6.000000000000000000e+01
4.198323170731708964e-02 2.038641975308642031e+02 1.200000000000000000e+02
6.146843947606146774e-02 1.994814814814814952e+02 2.381111111111111143e+02
4.236766034327007352e-02 1.394567901234567842e+02 5.991358024691358253e+01
6.069664634146341997e-02 1.364320987654321016e+02 1.200000000000000000e+02
7.488205736224030906e-02 1.387160493827160508e+02 2.385061728395061778e+02
1.827958446251130159e-02 2.398024691358024825e+02 5.997530864197531031e+01
3.168411246612466703e-02 2.397530864197530889e+02 1.200000000000000000e+02
4.956458897922310508e-02 2.415061728395061778e+02 2.399629629629629619e+02
7.237082204155378951e-02 5.038271604938271508e+01 6.000000000000000000e+01
8.421341463414637463e-02 4.953086419753086744e+01 1.185555555555555571e+02
9.155374887082205759e-02 4.979012345679012697e+01 2.383333333333333428e+02
1.580736224028906137e-02 2.586543209876543301e+02 6.000000000000000000e+01
3.076100948509486246e-02 2.454074074074074190e+02 1.200000000000000000e+02
4.735405374887083352e-02 2.489506172839506064e+02 2.400000000000000000e+02
1.130679765130985885e-02 2.735432098765431874e+02 6.000000000000000000e+01
1.949497515808488318e-02 2.910123456790123555e+02 1.200000000000000000e+02
3.488104110207770892e-02 2.833456790123456699e+02 2.400000000000000000e+02
5.863600948509489763e-02 8.334567901234568410e+01 5.992592592592592382e+01
7.458180894308945319e-02 8.244444444444444287e+01 1.198765432098765444e+02
8.622668247515812012e-02 7.976543209876543017e+01 2.360493827160493936e+02
5.597786811201402486e-03 3.194814814814814667e+02 6.000000000000000000e+01
9.002653568202361248e-03 3.288148148148148380e+02 1.200000000000000000e+02
2.257046070460705378e-02 3.126172839506172636e+02 2.400000000000000000e+02
9.728438346883472310e-02 4.012345679012345734e+00 5.951851851851851904e+01
9.823803071364048400e-02 5.000000000000000000e+00 1.174444444444444429e+02
9.907384823848239264e-02 5.000000000000000000e+00 2.309012345679012412e+02
7.852077687443545506e-03 3.097901234567901270e+02 6.000000000000000000e+01
1.665848012646790541e-02 3.020246913580247110e+02 1.200000000000000000e+02
3.003929539295395468e-02 2.948888888888889142e+02 2.398888888888888857e+02
1.773131210478774700e-02 2.458641975308642031e+02 5.996296296296296191e+01
2.922442411924120256e-02 2.531975308641975175e+02 1.200000000000000000e+02
4.730476513098464536e-02 2.511358024691357969e+02 2.399382716049382793e+02
8.000604110207777675e-02 3.400000000000000000e+01 5.998765432098765160e+01
8.910783649503165038e-02 3.301234567901234840e+01 1.181851851851851904e+02
9.455939476061427096e-02 3.085185185185185119e+01 2.330864197530864317e+02
9.152173667570015492e-02 1.300000000000000000e+01 5.982716049382715795e+01
9.510343270099366753e-02 1.400000000000000000e+01 1.157037037037037095e+02
9.752450316169834765e-02 1.400000000000000000e+01 2.363827160493827080e+02
4.776541327913284840e-02 1.201481481481481524e+02 6.000000000000000000e+01
6.507074299909666737e-02 1.184197530864197461e+02 1.198765432098765444e+02
7.883824525745260214e-02 1.210123456790123413e+02 2.391481481481481524e+02
4.171183378500423027e-03 3.332716049382715937e+02 6.000000000000000000e+01
9.025575880758810593e-03 3.290987654320987872e+02 1.200000000000000000e+02
1.183694670280040911e-02 3.334320987654321016e+02 2.400000000000000000e+02
3.826501806684732415e-02 1.522839506172839492e+02 6.000000000000000000e+01
5.771335817524847478e-02 1.491234567901234698e+02 1.200000000000000000e+02
7.331334688346886896e-02 1.499753086419753174e+02 2.389382716049382793e+02
8.621956865401989023e-02 2.218518518518518690e+01 5.988888888888888573e+01
9.187308039747064947e-02 2.369135802469135754e+01 1.149629629629629619e+02
9.597188346883472887e-02 2.400000000000000000e+01 2.397407407407407334e+02
5.038900180668467836e-03 3.150740740740740762e+02 6.000000000000000000e+01
1.048532068654018691e-02 3.212839506172839492e+02 1.200000000000000000e+02
1.854477190605239439e-02 3.180617283950617207e+02 2.400000000000000000e+02
9.265752032520335746e-03 3.015432098765431874e+02 6.000000000000000000e+01
1.797250451671185412e-02 2.856666666666666856e+02 1.200000000000000000e+02
3.118919376693768050e-02 2.963950617283950351e+02 2.400000000000000000e+02
8.535128726287267986e-02 2.338271604938271508e+01 5.923456790123456983e+01
9.191113369467031335e-02 2.500000000000000000e+01 1.193580246913580254e+02
9.589137308039748231e-02 2.303703703703703809e+01 2.326913580246913682e+02
6.546460027100273193e-02 6.600000000000000000e+01 6.000000000000000000e+01
8.029008581752485052e-02 6.220987654320987303e+01 1.178641975308642031e+02
8.934722222222227228e-02 6.261728395061728492e+01 2.369629629629629619e+02
4.821697154471545066e-02 1.091975308641975317e+02 5.962962962962962621e+01
6.637245934959350169e-02 1.130000000000000000e+02 1.200000000000000000e+02
8.047860207768746388e-02 1.121481481481481524e+02 2.387530864197530889e+02
2.795054200542005512e-02 1.957283950617284063e+02 6.000000000000000000e+01
4.684434281842820430e-02 1.855432098765432158e+02 1.198271604938271651e+02
6.350886404697382581e-02 1.949876543209876445e+02 2.398888888888888857e+02
9.087618563685638529e-02 1.400000000000000000e+01 5.925925925925925952e+01
9.499542682926835624e-02 1.500000000000000000e+01 1.187160493827160508e+02
9.737562104787715611e-02 1.500000000000000000e+01 2.346049382716049365e+02
3.780149051490516721e-02 1.570864197530864317e+02 6.000000000000000000e+01
5.635981255645896443e-02 1.502345679012345556e+02 1.199753086419753032e+02
7.100417795844626845e-02 1.553580246913580254e+02 2.389259259259259238e+02
8.614436540198736059e-02 2.188888888888888928e+01 5.982716049382715795e+01
9.236794263775975622e-02 2.300000000000000000e+01 1.190740740740740762e+02
9.596465672990066309e-02 2.300000000000000000e+01 2.342345679012345556e+02
3.371093044263775984e-02 1.684074074074074190e+02 5.995061728395062062e+01
5.235704607046071102e-02 1.655185185185185048e+02 1.196172839506172778e+02
6.899745934959347626e-02 1.690123456790123555e+02 2.394691358024691397e+02
8.296126919602532512e-02 2.900000000000000000e+01 5.974074074074074048e+01
9.078110885275521291e-02 2.748148148148148096e+01 1.175679012345678984e+02
9.471358401084016554e-02 2.843209876543209802e+01 2.272592592592592666e+02
6.974141824751579205e-03 3.000740740740740762e+02 6.000000000000000000e+01
1.412850045167121996e-02 3.119382716049382793e+02 1.200000000000000000e+02
2.892959575429087174e-02 3.015679012345678984e+02 2.400000000000000000e+02
2.527213188798540979e-03 3.367407407407407618e+02 6.000000000000000000e+01
4.838301716350483853e-03 3.406296296296296191e+02 1.200000000000000000e+02
1.609869015356820213e-02 3.312962962962963047e+02 2.400000000000000000e+02
1.331492773261065514e-02 2.724074074074073906e+02 6.000000000000000000e+01
2.280950767841011598e-02 2.739876543209876445e+02 1.200000000000000000e+02
3.929601400180668391e-02 2.752716049382715937e+02 2.400000000000000000e+02
1.241886856368562553e-02 2.712222222222222285e+02 6.000000000000000000e+01
2.383689024390246020e-02 2.717407407407407618e+02 1.200000000000000000e+02
3.788939701897021256e-02 2.587037037037036953e+02 2.400000000000000000e+02
1.995878500451694817e-03 3.428271604938271366e+02 6.000000000000000000e+01
6.467987804878044984e-03 3.340370370370370097e+02 1.199012345679012412e+02
1.673001355013555014e-02 3.297037037037036953e+02 2.400000000000000000e+02
9.271285004516714723e-02 1.048148148148148096e+01 5.801234567901234840e+01
9.596234191508583311e-02 1.200000000000000000e+01 1.193333333333333286e+02
9.793021680216799918e-02 1.200000000000000000e+01 2.352098765432098730e+02
4.871510840108403406e-02 1.152962962962962905e+02 6.000000000000000000e+01
6.555149051490512246e-02 1.190246913580246968e+02 1.199012345679012412e+02
8.020167118337850898e-02 1.133827160493827222e+02 2.376296296296296191e+02
9.498317524841917714e-02 7.000000000000000000e+00 5.585185185185185475e+01
9.751225158084914080e-02 7.000000000000000000e+00 1.190246913580246968e+02
9.875310523938578278e-02 7.000000000000000000e+00 2.370123456790123555e+02
9.052111562782297338e-02 1.500000000000000000e+01 5.990123456790123413e+01
9.567462737127375993e-02 1.241975308641975317e+01 1.149506172839506206e+02
9.741836043360435626e-02 1.402469135802469147e+01 2.291481481481481524e+02
2.945647018970191586e-02 1.848271604938271651e+02 6.000000000000000000e+01
4.511150632339659683e-02 1.919629629629629619e+02 1.200000000000000000e+02
6.251631662149954860e-02 1.931604938271605079e+02 2.400000000000000000e+02
4.015639114724481318e-03 3.267283950617284063e+02 6.000000000000000000e+01
1.090339882565496271e-02 3.240864197530864317e+02 1.200000000000000000e+02
1.402647922312559407e-02 3.352716049382715937e+02 2.400000000000000000e+02
5.627924570912379992e-02 9.227160493827160792e+01 5.993827160493827222e+01
7.289730126467938720e-02 9.071604938271605079e+01 1.199753086419753032e+02
8.313245257452574200e-02 9.600000000000000000e+01 2.387901234567901270e+02
2.504957091237581396e-02 2.063456790123456699e+02 6.000000000000000000e+01
4.226213866305327665e-02 2.079876543209876445e+02 1.200000000000000000e+02
5.984168925022590596e-02 2.064938271604938222e+02 2.400000000000000000e+02
4.680527326106596192e-02 1.212716049382716079e+02 6.000000000000000000e+01
6.550773486901534381e-02 1.188641975308642031e+02 1.199753086419753032e+02
7.910066621499543815e-02 1.195308641975308603e+02 2.400000000000000000e+02
3.407254968383018057e-02 1.599259259259259238e+02 5.970370370370370239e+01
5.159598012646795379e-02 1.713456790123456699e+02 1.199382716049382651e+02
6.816395663956645312e-02 1.726790123456790127e+02 2.397530864197530889e+02
5.135670731707344186e-03 3.141851851851851620e+02 6.000000000000000000e+01
1.617942637759711699e-02 2.988888888888889142e+02 1.200000000000000000e+02
3.380877371273713350e-02 2.919259259259259238e+02 2.400000000000000000e+02
6.244760614272810983e-02 7.566666666666667140e+01 6.000000000000000000e+01
7.829206187895208779e-02 6.928395061728394921e+01 1.183703703703703667e+02
8.763228319783200604e-02 7.156790123456789843e+01 2.393456790123456699e+02
3.600694444444447334e-02 1.596296296296296191e+02 6.000000000000000000e+01
5.416875564588981978e-02 1.582469135802469111e+02 1.196790123456790127e+02
7.097820686540201596e-02 1.607037037037036953e+02 2.399629629629629619e+02
3.892186088527548743e-02 1.527407407407407334e+02 6.000000000000000000e+01
5.656950090334238179e-02 1.541481481481481524e+02 1.200000000000000000e+02
7.259005194218610957e-02 1.527160493827160508e+02 2.393209876543209873e+02
