stall_force|mt_speed|cl_diff|viscosity|cl_number|mt_number|time_step|nb_steps|nb_frames
6|0.05|0.0001|1|279|60|1e-05|4000000|100
6|0.05|0.0001|1|279|120|1e-05|4000000|100
6|0.05|0.0001|1|279|240|1e-05|4000000|100
6|0.05|0.0001|1|46|60|1e-05|4000000|100
6|0.05|0.0001|1|46|120|1e-05|4000000|100
6|0.05|0.0001|1|46|240|1e-05|4000000|100
6|0.05|0.0001|1|23|60|1e-05|4000000|100
6|0.05|0.0001|1|23|120|1e-05|4000000|100
6|0.05|0.0001|1|23|240|1e-05|4000000|100
6|0.05|0.0001|1|221|60|1e-05|4000000|100
6|0.05|0.0001|1|221|120|1e-05|4000000|100
6|0.05|0.0001|1|221|240|1e-05|4000000|100
6|0.05|0.0001|1|146|60|1e-05|4000000|100
6|0.05|0.0001|1|146|120|1e-05|4000000|100
6|0.05|0.0001|1|146|240|1e-05|4000000|100
6|0.05|0.0001|1|258|60|1e-05|4000000|100
6|0.05|0.0001|1|258|120|1e-05|4000000|100
6|0.05|0.0001|1|258|240|1e-05|4000000|100
6|0.05|0.0001|1|53|60|1e-05|4000000|100
6|0.05|0.0001|1|53|120|1e-05|4000000|100
6|0.05|0.0001|1|53|240|1e-05|4000000|100
6|0.05|0.0001|1|266|60|1e-05|4000000|100
6|0.05|0.0001|1|266|120|1e-05|4000000|100
6|0.05|0.0001|1|266|240|1e-05|4000000|100
6|0.05|0.0001|1|301|60|1e-05|4000000|100
6|0.05|0.0001|1|301|120|1e-05|4000000|100
6|0.05|0.0001|1|301|240|1e-05|4000000|100
6|0.05|0.0001|1|86|60|1e-05|4000000|100
6|0.05|0.0001|1|86|120|1e-05|4000000|100
6|0.05|0.0001|1|86|240|1e-05|4000000|100
6|0.05|0.0001|1|359|60|1e-05|4000000|100
6|0.05|0.0001|1|359|120|1e-05|4000000|100
6|0.05|0.0001|1|359|240|1e-05|4000000|100
6|0.05|0.0001|1|5|60|1e-05|4000000|100
6|0.05|0.0001|1|5|120|1e-05|4000000|100
6|0.05|0.0001|1|5|240|1e-05|4000000|100
6|0.05|0.0001|1|318|60|1e-05|4000000|100
6|0.05|0.0001|1|318|120|1e-05|4000000|100
6|0.05|0.0001|1|318|240|1e-05|4000000|100
6|0.05|0.0001|1|267|60|1e-05|4000000|100
6|0.05|0.0001|1|267|120|1e-05|4000000|100
6|0.05|0.0001|1|267|240|1e-05|4000000|100
6|0.05|0.0001|1|34|60|1e-05|4000000|100
6|0.05|0.0001|1|34|120|1e-05|4000000|100
6|0.05|0.0001|1|34|240|1e-05|4000000|100
6|0.05|0.0001|1|14|60|1e-05|4000000|100
6|0.05|0.0001|1|14|120|1e-05|4000000|100
6|0.05|0.0001|1|14|240|1e-05|4000000|100
6|0.05|0.0001|1|127|60|1e-05|4000000|100
6|0.05|0.0001|1|127|120|1e-05|4000000|100
6|0.05|0.0001|1|127|240|1e-05|4000000|100
6|0.05|0.0001|1|368|60|1e-05|4000000|100
6|0.05|0.0001|1|368|120|1e-05|4000000|100
6|0.05|0.0001|1|368|240|1e-05|4000000|100
6|0.05|0.0001|1|158|60|1e-05|4000000|100
6|0.05|0.0001|1|158|120|1e-05|4000000|100
6|0.05|0.0001|1|158|240|1e-05|4000000|100
6|0.05|0.0001|1|24|60|1e-05|4000000|100
6|0.05|0.0001|1|24|120|1e-05|4000000|100
6|0.05|0.0001|1|24|240|1e-05|4000000|100
6|0.05|0.0001|1|337|60|1e-05|4000000|100
6|0.05|0.0001|1|337|120|1e-05|4000000|100
6|0.05|0.0001|1|337|240|1e-05|4000000|100
6|0.05|0.0001|1|312|60|1e-05|4000000|100
6|0.05|0.0001|1|312|120|1e-05|4000000|100
6|0.05|0.0001|1|312|240|1e-05|4000000|100
6|0.05|0.0001|1|26|60|1e-05|4000000|100
6|0.05|0.0001|1|26|120|1e-05|4000000|100
6|0.05|0.0001|1|26|240|1e-05|4000000|100
6|0.05|0.0001|1|67|60|1e-05|4000000|100
6|0.05|0.0001|1|67|120|1e-05|4000000|100
6|0.05|0.0001|1|67|240|1e-05|4000000|100
6|0.05|0.0001|1|119|60|1e-05|4000000|100
6|0.05|0.0001|1|119|120|1e-05|4000000|100
6|0.05|0.0001|1|119|240|1e-05|4000000|100
6|0.05|0.0001|1|205|60|1e-05|4000000|100
6|0.05|0.0001|1|205|120|1e-05|4000000|100
6|0.05|0.0001|1|205|240|1e-05|4000000|100
6|0.05|0.0001|1|15|60|1e-05|4000000|100
6|0.05|0.0001|1|15|120|1e-05|4000000|100
6|0.05|0.0001|1|15|240|1e-05|4000000|100
6|0.05|0.0001|1|167|60|1e-05|4000000|100
6|0.05|0.0001|1|167|120|1e-05|4000000|100
6|0.05|0.0001|1|167|240|1e-05|4000000|100
6|0.05|0.0001|1|23|60|1e-05|4000000|100
6|0.05|0.0001|1|23|120|1e-05|4000000|100
6|0.05|0.0001|1|23|240|1e-05|4000000|100
6|0.05|0.0001|1|181|60|1e-05|4000000|100
6|0.05|0.0001|1|181|120|1e-05|4000000|100
6|0.05|0.0001|1|181|240|1e-05|4000000|100
6|0.05|0.0001|1|30|60|1e-05|4000000|100
6|0.05|0.0001|1|30|120|1e-05|4000000|100
6|0.05|0.0001|1|30|240|1e-05|4000000|100
6|0.05|0.0001|1|323|60|1e-05|4000000|100
6|0.05|0.0001|1|323|120|1e-05|4000000|100
6|0.05|0.0001|1|323|240|1e-05|4000000|100
6|0.05|0.0001|1|360|60|1e-05|4000000|100
6|0.05|0.0001|1|360|120|1e-05|4000000|100
6|0.05|0.0001|1|360|240|1e-05|4000000|100
6|0.05|0.0001|1|290|60|1e-05|4000000|100
6|0.05|0.0001|1|290|120|1e-05|4000000|100
6|0.05|0.0001|1|290|240|1e-05|4000000|100
6|0.05|0.0001|1|285|60|1e-05|4000000|100
6|0.05|0.0001|1|285|120|1e-05|4000000|100
6|0.05|0.0001|1|285|240|1e-05|4000000|100
6|0.05|0.0001|1|370|60|1e-05|4000000|100
6|0.05|0.0001|1|370|120|1e-05|4000000|100
6|0.05|0.0001|1|370|240|1e-05|4000000|100
6|0.05|0.0001|1|12|60|1e-05|4000000|100
6|0.05|0.0001|1|12|120|1e-05|4000000|100
6|0.05|0.0001|1|12|240|1e-05|4000000|100
6|0.05|0.0001|1|121|60|1e-05|4000000|100
6|0.05|0.0001|1|121|120|1e-05|4000000|100
6|0.05|0.0001|1|121|240|1e-05|4000000|100
6|0.05|0.0001|1|7|60|1e-05|4000000|100
6|0.05|0.0001|1|7|120|1e-05|4000000|100
6|0.05|0.0001|1|7|240|1e-05|4000000|100
6|0.05|0.0001|1|15|60|1e-05|4000000|100
6|0.05|0.0001|1|15|120|1e-05|4000000|100
6|0.05|0.0001|1|15|240|1e-05|4000000|100
6|0.05|0.0001|1|203|60|1e-05|4000000|100
6|0.05|0.0001|1|203|120|1e-05|4000000|100
6|0.05|0.0001|1|203|240|1e-05|4000000|100
6|0.05|0.0001|1|372|60|1e-05|4000000|100
6|0.05|0.0001|1|372|120|1e-05|4000000|100
6|0.05|0.0001|1|372|240|1e-05|4000000|100
6|0.05|0.0001|1|98|60|1e-05|4000000|100
6|0.05|0.0001|1|98|120|1e-05|4000000|100
6|0.05|0.0001|1|98|240|1e-05|4000000|100
6|0.05|0.0001|1|220|60|1e-05|4000000|100
6|0.05|0.0001|1|220|120|1e-05|4000000|100
6|0.05|0.0001|1|220|240|1e-05|4000000|100
6|0.05|0.0001|1|125|60|1e-05|4000000|100
6|0.05|0.0001|1|125|120|1e-05|4000000|100
6|0.05|0.0001|1|125|240|1e-05|4000000|100
6|0.05|0.0001|1|181|60|1e-05|4000000|100
6|0.05|0.0001|1|181|120|1e-05|4000000|100
6|0.05|0.0001|1|181|240|1e-05|4000000|100
6|0.05|0.0001|1|321|60|1e-05|4000000|100
6|0.05|0.0001|1|321|120|1e-05|4000000|100
6|0.05|0.0001|1|321|240|1e-05|4000000|100
6|0.05|0.0001|1|78|60|1e-05|4000000|100
6|0.05|0.0001|1|78|120|1e-05|4000000|100
6|0.05|0.0001|1|78|240|1e-05|4000000|100
6|0.05|0.0001|1|170|60|1e-05|4000000|100
6|0.05|0.0001|1|170|120|1e-05|4000000|100
6|0.05|0.0001|1|170|240|1e-05|4000000|100
6|0.05|0.0001|1|160|60|1e-05|4000000|100
6|0.05|0.0001|1|160|120|1e-05|4000000|100
6|0.05|0.0001|1|160|240|1e-05|4000000|100
