speed x_show y_show data_scaled
nan nan nan -1.158427914829753380e+00
nan nan nan -1.223294566155023855e+00
nan nan nan -1.254637310243199799e+00
nan nan nan 2.371968869558093385e+00
nan nan nan 2.218424412140161284e+00
nan nan nan -5.105506051722632499e-01
nan nan nan -8.698528221882451117e-01
nan nan nan -1.109095749631499261e+00
nan nan nan -1.194869536235273033e+00
nan nan nan 2.610386086210958467e+00
nan nan nan 1.749660410808691058e+00
nan nan nan -2.060812536322054189e-01
nan nan nan -9.620518223422116488e-01
nan nan nan -1.127375982622083939e+00
nan nan nan -1.204509970557777976e+00
nan nan nan -1.100205543843946421e+00
nan nan nan -1.198325884021606447e+00
nan nan nan -1.240987092668377922e+00
nan nan nan -4.679831007609013271e-01
nan nan nan -9.387992119180111894e-01
nan nan nan -1.113702623906705824e+00
nan nan nan -9.020439504186630320e-01
nan nan nan -1.107433725006985226e+00
nan nan nan -1.206905484855455679e+00
nan nan nan -6.382103354706215592e-01
nan nan nan -9.793817047500696926e-01
nan nan nan -1.142676683097974433e+00
nan nan nan -1.180782842375149855e+00
nan nan nan -1.236624570281572133e+00
nan nan nan -1.261965950287566862e+00
nan nan nan -1.184595110473254165e+00
nan nan nan -1.237015754675496737e+00
nan nan nan -1.262384719229656671e+00
nan nan nan 4.139103865812515437e+00
nan nan nan 5.680242585474163386e-01
nan nan nan -8.344193582473328208e-01
nan nan nan -1.079100863061284610e+00
nan nan nan -1.179467244459358799e+00
nan nan nan -1.238554402994441972e+00
nan nan nan -1.228747244971452490e+00
nan nan nan -1.256887541334941183e+00
nan nan nan -1.271425856515233210e+00
nan nan nan -1.251998680489558868e+00
nan nan nan -1.268864037902733388e+00
nan nan nan -1.277906271505214075e+00
nan nan nan -1.764568238902783637e-01
nan nan nan -8.520402699462625851e-01
nan nan nan -1.061975458022463625e+00
nan nan nan -8.920233303908819966e-01
nan nan nan -1.095498418222884851e+00
nan nan nan -1.187338197222876257e+00
nan nan nan -1.253709473456415369e+00
nan nan nan -1.270471159688502105e+00
nan nan nan -1.278477098454237071e+00
nan nan nan -3.553204755703918138e-01
nan nan nan -9.304317182698192967e-01
nan nan nan -1.105226281359203311e+00
nan nan nan -1.061851661522955181e+00
nan nan nan -1.178995490667815726e+00
nan nan nan -1.233298829147169817e+00
nan nan nan -7.581070282551238826e-01
nan nan nan -1.024852896427461024e+00
nan nan nan -1.162312168237609855e+00
nan nan nan -1.255176540313822198e+00
nan nan nan -1.270817238314816411e+00
nan nan nan -1.278426866111180393e+00
nan nan nan 8.108572844651105171e-01
nan nan nan -4.939175201698332573e-01
nan nan nan -1.001775425109253437e+00
nan nan nan -1.282500258131641591e+00
nan nan nan -1.284117891441600934e+00
nan nan nan -1.284922888665731122e+00
nan nan nan -8.965696215914884526e-01
nan nan nan -1.094952985077016328e+00
nan nan nan -1.196760935220275268e+00
nan nan nan 2.031506399737458057e+00
nan nan nan 4.393357286810051776e-01
nan nan nan -5.103007346891381690e-01
nan nan nan -1.280342753704147851e+00
nan nan nan -1.282489041965283016e+00
nan nan nan -1.284293417747482513e+00
nan nan nan -1.245552925227145780e+00
nan nan nan -1.264702159832489459e+00
nan nan nan -1.274903571510992872e+00
nan nan nan -1.081778800264323825e+00
nan nan nan -1.180928351147593425e+00
nan nan nan -1.234796661761396575e+00
nan nan nan 1.322157719652998109e+00
nan nan nan -3.315570023857823956e-01
nan nan nan -6.795185288249198097e-01
nan nan nan -1.221957110731136664e+00
nan nan nan -1.255048829682553491e+00
nan nan nan -1.270748360420412393e+00
nan nan nan 1.330634211370894660e-01
nan nan nan -6.013616828898546984e-01
nan nan nan -9.693444192199160980e-01
nan nan nan -3.721508643956067952e-01
nan nan nan -8.612542411860361069e-01
nan nan nan -1.099577929127831366e+00
nan nan nan -2.886952626792858023e-01
nan nan nan -6.995925422891704493e-01
nan nan nan -1.065648274352857250e+00
nan nan nan -1.266127878438810361e+00
nan nan nan -1.276005154796797658e+00
nan nan nan -1.281119740394453421e+00
nan nan nan -1.187160055249838919e+00
nan nan nan -1.241751612971615515e+00
nan nan nan -1.264422143916439811e+00
nan nan nan 1.536132327021284993e+00
nan nan nan -9.365939393848114747e-02
nan nan nan -5.783689994218347251e-03
nan nan nan -1.634475482867712992e-01
nan nan nan -8.182345716959718018e-01
nan nan nan -1.072339665537955566e+00
nan nan nan -1.214806729532863283e+00
nan nan nan -1.249226783794218809e+00
nan nan nan -1.267535767064170704e+00
nan nan nan -9.075816774681639831e-01
nan nan nan -1.099783982638419033e+00
nan nan nan -1.200994595050204117e+00
nan nan nan 1.622354856212704366e+00
nan nan nan 4.248869057647401970e-01
nan nan nan -6.775955033026923591e-01
nan nan nan -9.158135659657545835e-01
nan nan nan -1.104055586896024010e+00
nan nan nan -1.196201902249991011e+00
nan nan nan -9.962966705178946114e-01
nan nan nan -1.146431363041404028e+00
nan nan nan -1.216833101375940807e+00
nan nan nan -1.182028417589741531e+00
nan nan nan -1.228064455656171505e+00
nan nan nan -1.257915433942390804e+00
nan nan nan -1.072152497075622435e+00
nan nan nan -1.181320130962781212e+00
nan nan nan -1.235350671347223095e+00
nan nan nan -1.270854309078004007e+00
nan nan nan -1.277657895584398906e+00
nan nan nan -1.281651508637476233e+00
nan nan nan -9.990294563160764252e-01
nan nan nan -1.134270028845259404e+00
nan nan nan -1.217134949762349150e+00
nan nan nan 1.227283087220953472e+00
nan nan nan -3.474929869064489751e-01
nan nan nan -8.497705972314806289e-01
nan nan nan -1.182671974126135339e+00
nan nan nan -1.235556283987698123e+00
nan nan nan -1.260590004403442821e+00
nan nan nan -1.146857631466438709e+00
nan nan nan -1.217052761081712120e+00
nan nan nan -1.250709334556570518e+00
