266.28395061728395 60.0
264.1358024691358 120.0
261.679012345679 239.96296296296296
42.71604938271605 59.80246913580247
44.93827160493827 118.8641975308642
45.24691358024691 229.8641975308642
20.604938271604937 59.91358024691358
22.135802469135804 117.1604938271605
19.59259259259259 232.01234567901236
206.98765432098764 60.0
203.8641975308642 120.0
199.4814814814815 238.11111111111111
139.45679012345678 59.91358024691358
136.4320987654321 120.0
138.71604938271605 238.50617283950618
239.80246913580248 59.97530864197531
239.7530864197531 120.0
241.50617283950618 239.96296296296296
50.382716049382715 60.0
49.53086419753087 118.55555555555556
49.79012345679013 238.33333333333334
258.65432098765433 60.0
245.40740740740742 120.0
248.9506172839506 240.0
273.5432098765432 60.0
291.01234567901236 120.0
283.34567901234567 240.0
83.34567901234568 59.925925925925924
82.44444444444444 119.87654320987654
79.76543209876543 236.0493827160494
319.48148148148147 60.0
328.81481481481484 120.0
312.61728395061726 240.0
4.012345679012346 59.51851851851852
5.0 117.44444444444444
5.0 230.90123456790124
309.7901234567901 60.0
302.0246913580247 120.0
294.8888888888889 239.88888888888889
245.8641975308642 59.96296296296296
253.19753086419752 120.0
251.1358024691358 239.93827160493828
34.0 59.98765432098765
33.01234567901235 118.18518518518519
30.85185185185185 233.08641975308643
13.0 59.82716049382716
14.0 115.70370370370371
14.0 236.3827160493827
120.14814814814815 60.0
118.41975308641975 119.87654320987654
121.01234567901234 239.14814814814815
333.2716049382716 60.0
329.0987654320988 120.0
333.4320987654321 240.0
152.28395061728395 60.0
149.12345679012347 120.0
149.97530864197532 238.93827160493828
22.185185185185187 59.888888888888886
23.691358024691358 114.96296296296296
24.0 239.74074074074073
315.0740740740741 60.0
321.28395061728395 120.0
318.0617283950617 240.0
301.5432098765432 60.0
285.6666666666667 120.0
296.39506172839504 240.0
23.382716049382715 59.23456790123457
25.0 119.35802469135803
23.037037037037038 232.69135802469137
66.0 60.0
62.20987654320987 117.8641975308642
62.617283950617285 236.96296296296296
109.19753086419753 59.629629629629626
113.0 120.0
112.14814814814815 238.7530864197531
195.7283950617284 60.0
185.54320987654322 119.82716049382717
194.98765432098764 239.88888888888889
14.0 59.25925925925926
15.0 118.71604938271605
15.0 234.60493827160494
157.08641975308643 60.0
150.23456790123456 119.9753086419753
155.35802469135803 238.92592592592592
21.88888888888889 59.82716049382716
23.0 119.07407407407408
23.0 234.23456790123456
168.40740740740742 59.95061728395062
165.5185185185185 119.61728395061728
169.01234567901236 239.46913580246914
29.0 59.74074074074074
27.48148148148148 117.5679012345679
28.432098765432098 227.25925925925927
300.0740740740741 60.0
311.9382716049383 120.0
301.5679012345679 240.0
336.74074074074076 60.0
340.6296296296296 120.0
331.2962962962963 240.0
272.4074074074074 60.0
273.98765432098764 120.0
275.2716049382716 240.0
271.22222222222223 60.0
271.74074074074076 120.0
258.7037037037037 240.0
342.82716049382714 60.0
334.037037037037 119.90123456790124
329.7037037037037 240.0
10.481481481481481 58.01234567901235
12.0 119.33333333333333
12.0 235.20987654320987
115.29629629629629 60.0
119.0246913580247 119.90123456790124
113.38271604938272 237.62962962962962
7.0 55.851851851851855
7.0 119.0246913580247
7.0 237.01234567901236
15.0 59.901234567901234
12.419753086419753 114.95061728395062
14.024691358024691 229.14814814814815
184.82716049382717 60.0
191.96296296296296 120.0
193.1604938271605 240.0
326.7283950617284 60.0
324.08641975308643 120.0
335.2716049382716 240.0
92.27160493827161 59.93827160493827
90.71604938271605 119.9753086419753
96.0 238.79012345679013
206.34567901234567 60.0
207.98765432098764 120.0
206.49382716049382 240.0
121.27160493827161 60.0
118.8641975308642 119.9753086419753
119.53086419753086 240.0
159.92592592592592 59.7037037037037
171.34567901234567 119.93827160493827
172.679012345679 239.7530864197531
314.18518518518516 60.0
298.8888888888889 120.0
291.9259259259259 240.0
75.66666666666667 60.0
69.28395061728395 118.37037037037037
71.5679012345679 239.34567901234567
159.62962962962962 60.0
158.2469135802469 119.67901234567901
160.7037037037037 239.96296296296296
152.74074074074073 60.0
154.14814814814815 120.0
152.71604938271605 239.320987654321
