0 3 6 11 20 21 23 24 24 27 28 30 33 32 30 32 31 30 30 30 29 28 30 29 25 27 30 31 32 32 31 32 31 31 33 33 34 33 34 34 33 30 31 32 32 32 31 30 32 32 32 30 29 30 30 30 31 32 31 30 28 28 30 28 29 28 28 29 27 26 26 26 27 28 30 27 27 26 28 28 27 24 25 26 30 30 29 27 28 26 27 27 26 24 26 27 24 26 25 26 28
0 3 9 16 22 20 21 24 24 27 31 30 32 30 30 31 28 30 30 31 30 33 31 31 30 28 30 31 32 31 32 28 27 27 28 29 29 31 27 28 28 27 28 26 29 29 27 29 27 28 30 27 28 30 27 30 27 26 28 30 30 29 32 28 26 27 24 24 25 23 29 28 29 29 26 26 28 28 28 31 30 28 27 29 28 29 32 28 29 25 25 28 31 29 28 28 28 27 25 26 30
0 2 9 13 19 22 26 28 29 31 32 31 29 30 30 31 31 30 31 30 30 29 29 28 27 27 29 29 27 28 28 28 28 26 26 28 29 28 30 29 27 26 29 28 27 30 27 27 27 28 28 24 22 24 24 26 28 28 28 32 29 28 25 25 22 24 25 24 26 29 26 25 20 25 24 24 25 24 29 28 29 32 32 30 29 26 30 28 29 30 31 33 33 31 31 32 33 31 28 29 27
0 0 11 16 21 23 26 30 31 33 32 31 32 33 32 34 35 33 33 33 33 30 30 29 32 33 32 32 31 32 32 33 33 32 30 34 28 32 31 32 33 31 30 28 28 29 32 32 32 32 32 32 31 33 33 32 29 30 33 33 34 34 35 35 33 31 30 30 30 32 31 31 31 31 30 30 34 32 34 34 33 34 34 33 32 31 34 33 32 30 31 32 31 30 30 30 30 31 33 32 31
0 8 12 16 21 25 27 25 26 30 28 28 28 28 24 22 24 24 29 31 28 27 26 26 25 26 26 27 27 27 27 25 25 27 27 27 27 23 28 29 28 29 28 28 31 29 29 30 28 27 28 27 26 26 26 27 27 30 28 28 24 26 25 28 29 28 30 31 28 24 24 24 24 25 26 29 28 29 29 27 24 23 23 25 24 25 26 26 29 29 29 28 31 29 28 28 26 27 26 24 26
0 5 12 16 21 22 24 26 31 31 32 32 31 31 33 32 32 30 27 28 29 31 32 32 31 31 31 31 31 29 30 28 30 29 31 28 31 30 28 29 27 28 28 27 27 26 25 25 24 25 26 23 25 25 26 27 26 29 27 29 28 27 27 24 24 23 23 25 22 25 25 28 24 27 28 30 29 27 27 27 25 25 25 23 24 23 24 23 24 24 25 24 28 27 27 24 26 25 25 24 25
0 4 8 15 16 17 23 26 30 29 28 29 31 27 30 29 29 30 29 28 30 29 28 30 31 30 27 29 29 27 30 30 28 30 29 29 29 30 32 32 32 31 31 28 26 28 30 30 30 29 29 29 26 26 27 26 25 24 25 26 25 27 27 29 28 28 30 27 27 29 31 30 30 26 26 26 25 25 25 27 29 27 26 26 26 27 28 26 25 28 27 24 26 26 26 28 26 26 26 26 25
0 4 10 13 18 17 24 29 32 32 29 31 29 29 29 29 29 30 30 30 31 29 28 31 30 25 27 28 30 33 33 32 32 32 33 32 32 32 29 28 31 31 29 30 28 27 25 26 29 29 29 28 28 28 28 29 31 32 31 33 31 32 32 30 29 30 29 29 27 24 24 28 28 31 31 30 28 26 27 31 30 30 30 29 28 26 28 30 29 30 31 30 29 27 30 32 32 33 31 27 27
0 4 12 16 21 23 28 28 27 29 30 31 31 31 30 31 31 32 33 35 35 34 35 34 33 32 31 30 31 32 32 31 31 30 31 27 30 32 33 32 33 32 30 30 31 31 33 28 30 31 31 33 30 26 27 29 28 29 29 30 28 29 30 30 29 28 30 32 31 33 30 31 31 29 30 31 30 30 28 30 30 29 29 29 27 29 28 28 30 29 26 27 28 26 26 27 29 25 27 31 31
0 3 10 14 17 18 21 23 28 29 27 28 29 31 31 31 32 30 30 27 27 26 27 25 31 31 28 29 29 26 28 28 31 31 32 29 29 30 32 31 31 31 30 30 31 32 32 33 31 30 30 27 26 26 26 26 26 27 28 26 31 31 27 28 29 30 29 31 30 30 29 27 28 28 27 28 29 28 25 27 26 29 30 27 27 28 26 26 24 27 27 26 25 29 28 29 31 31 33 32 32
0 4 14 21 22 25 27 28 30 32 31 31 31 31 31 31 33 35 35 32 34 33 32 33 33 33 33 33 32 32 32 32 29 30 28 31 32 33 34 34 33 34 32 33 29 30 32 33 35 33 34 30 30 32 33 32 33 33 34 32 33 33 33 30 30 31 31 32 32 33 34 34 32 31 30 33 33 33 32 32 32 30 31 32 31 33 30 32 32 32 30 31 33 34 33 33 34 35 34 32 30
0 3 8 17 21 22 26 27 30 31 30 31 31 29 30 29 30 30 31 31 28 30 30 29 30 28 31 30 30 25 27 27 30 29 28 29 29 29 26 29 30 31 29 31 32 30 31 29 29 30 33 31 28 28 28 28 29 29 27 28 27 28 30 28 30 27 25 26 22 22 26 27 25 28 27 27 27 27 25 25 24 24 23 21 23 26 23 24 24 25 24 21 23 21 22 20 21 20 22 24 22
0 3 10 13 21 23 30 32 31 30 28 26 25 27 24 25 27 30 29 31 32 29 31 31 33 32 31 26 25 26 27 30 29 31 33 33 33 31 30 27 26 25 28 27 27 28 25 27 25 27 28 28 29 27 27 30 26 25 26 26 24 26 27 29 30 29 28 28 28 27 28 25 25 25 29 29 30 29 30 28 26 26 26 28 27 29 30 30 28 27 27 29 29 24 27 24 27 27 26 28 32
0 4 11 20 24 26 27 33 32 31 32 32 32 30 28 31 29 31 32 32 34 34 32 31 28 29 31 32 32 29 28 29 28 27 27 26 30 33 33 33 30 30 33 31 30 28 29 30 30 30 31 30 30 28 29 30 30 31 32 31 34 32 32 32 32 30 30 28 31 31 30 29 28 28 29 31 32 33 33 33 30 27 27 28 31 32 32 32 32 33 29 31 30 32 33 32 29 30 32 30 30
0 4 10 19 26 26 28 29 28 30 29 29 29 25 26 27 26 27 29 28 27 28 26 27 27 29 27 28 29 29 29 28 28 28 27 27 27 28 30 30 29 30 28 28 26 27 26 26 30 30 31 29 29 30 30 30 30 32 32 29 28 28 29 30 28 28 26 26 27 25 25 26 26 27 28 28 29 31 30 30 31 27 28 24 25 23 22 23 28 22 25 25 22 22 22 25 22 23 25 24 24
0 5 11 15 19 23 23 24 26 28 26 28 28 29 28 30 27 28 29 29 27 30 29 28 27 29 28 28 31 29 29 29 27 24 26 26 27 25 24 25 24 22 21 22 22 20 23 27 27 23 26 27 26 27 28 27 30 29 28 27 26 30 29 27 30 26 27 22 23 23 26 25 27 26 25 27 24 23 25 26 24 22 22 25 23 25 22 24 25 23 26 28 27 25 24 22 23 22 26 26 24
0 3 9 15 21 26 29 30 31 31 31 31 32 34 32 29 26 29 31 31 32 32 31 32 33 32 33 32 30 29 28 30 31 27 27 26 27 27 29 29 28 27 26 28 31 32 30 27 28 26 27 28 27 27 26 25 24 27 26 26 23 28 23 20 22 21 24 25 23 24 26 28 30 27 27 28 26 28 26 25 24 22 21 20 20 23 21 22 24 23 21 21 19 21 20 22 23 23 20 22 23
0 4 10 21 24 26 25 28 31 30 30 30 30 30 29 31 32 33 32 33 33 31 32 34 33 32 32 32 31 28 31 31 32 32 31 31 30 29 31 31 29 31 32 32 31 28 28 27 29 28 29 30 29 29 33 33 33 33 33 33 29 29 30 29 28 31 32 33 33 32 32 32 31 30 28 29 28 27 27 31 30 30 31 33 32 30 33 32 29 30 32 29 31 31 31 31 31 31 33 30 31
0 4 11 18 23 26 28 27 27 31 33 32 33 30 32 34 35 33 32 30 31 29 29 29 31 31 30 32 32 33 34 33 33 34 32 30 33 33 32 32 32 33 34 34 34 35 35 34 30 29 29 25 29 30 31 33 33 31 29 28 27 29 29 31 31 30 31 31 31 31 31 30 30 30 28 29 30 34 35 35 35 33 33 33 34 35 35 35 34 33 33 31 33 32 30 30 32 31 31 31 29
0 3 11 16 20 25 27 27 27 30 32 32 34 33 33 32 31 32 31 33 33 33 31 32 31 30 32 31 31 30 29 27 27 26 28 30 30 28 28 25 28 26 28 27 30 29 28 30 26 27 27 28 27 26 28 27 26 29 28 26 27 27 25 26 25 27 27 26 25 26 27 26 25 26 25 28 26 26 25 26 25 24 24 22 17 19 21 21 25 28 26 27 27 29 29 28 27 30 30 30 29
0 4 12 14 19 25 27 31 29 29 32 30 32 32 30 32 32 32 31 29 28 32 30 31 29 29 28 29 30 31 29 30 31 31 32 30 30 29 29 31 30 29 28 32 30 30 31 29 29 32 29 29 29 30 30 29 30 29 27 30 29 31 32 32 32 34 32 32 32 33 34 32 32 32 30 29 31 30 28 28 27 26 27 29 27 26 25 28 27 29 30 30 29 30 27 28 25 27 28 25 25
0 7 8 21 21 25 26 26 26 28 30 31 33 32 31 31 31 30 31 30 30 33 33 31 28 28 25 25 24 23 25 26 29 32 31 30 30 29 30 31 31 30 31 31 28 28 26 24 25 25 27 27 27 29 29 27 28 29 29 27 28 27 27 28 30 31 32 31 32 31 28 27 29 28 31 30 28 28 28 27 31 31 31 30 27 24 27 25 27 30 26 25 26 24 28 29 26 25 29 29 30
0 4 12 16 18 22 23 26 27 28 27 27 30 27 30 29 26 25 27 27 28 27 26 25 22 23 23 24 27 26 28 26 25 23 25 22 25 26 28 26 25 26 24 25 22 22 25 25 25 27 28 28 27 25 29 27 28 28 26 22 24 24 25 22 24 24 23 23 27 26 25 26 24 26 28 27 29 29 29 25 24 27 24 24 28 26 28 27 28 28 27 27 28 28 30 29 29 29 29 31 31
0 3 9 15 19 23 24 25 28 30 29 31 31 32 31 31 31 31 30 31 31 29 31 31 30 32 30 28 28 27 30 30 31 29 27 28 29 26 27 26 28 27 29 26 25 26 27 29 29 28 27 24 27 26 26 28 24 26 27 25 25 26 25 24 28 28 30 28 30 31 30 31 26 30 29 31 29 30 28 28 32 29 31 31 34 33 32 30 28 29 31 31 29 32 31 32 31 31 30 30 30
0 5 7 14 19 23 28 32 32 31 31 31 31 31 33 33 33 33 28 28 29 28 29 29 30 29 33 30 28 30 29 30 30 30 32 31 31 31 30 30 28 27 29 30 31 32 30 31 31 31 30 29 27 29 29 27 27 29 28 28 30 29 31 32 30 31 28 27 28 29 30 29 29 26 27 25 25 26 24 23 23 22 23 23 23 23 22 23 23 24 23 23 26 25 25 23 24 24 25 26 28
0 3 9 17 26 29 30 32 30 31 28 30 33 33 30 31 33 30 33 33 33 33 34 32 31 30 29 29 31 33 32 32 31 29 28 29 30 26 27 28 28 27 29 28 31 29 29 28 27 26 28 31 32 30 27 29 28 28 29 29 29 30 28 26 30 30 30 30 30 29 28 27 26 24 26 30 29 28 27 26 23 21 19 27 29 24 24 23 24 26 28 31 30 29 30 27 26 30 30 30 30
0 3 12 14 21 24 24 28 28 30 31 31 30 29 31 32 31 29 30 29 26 28 30 30 30 30 28 26 28 27 28 28 27 28 28 30 29 29 29 28 29 33 32 32 34 34 33 33 32 32 32 30 29 28 29 28 30 27 29 28 27 31 32 31 27 25 26 27 27 32 32 33 33 34 32 31 31 29 31 30 25 24 22 22 25 24 21 18 21 26 28 26 28 27 27 28 29 30 33 32 31
0 4 7 16 24 28 30 29 28 29 31 29 27 29 30 28 28 26 23 24 24 26 26 30 30 30 30 29 30 26 27 27 29 28 29 26 27 25 28 27 26 28 26 26 23 27 27 26 28 27 29 29 27 26 25 27 29 28 29 30 27 29 29 25 23 26 24 20 22 28 29 30 28 28 28 31 26 28 26 27 30 30 30 29 30 29 30 29 27 27 28 30 27 28 27 25 24 24 22 27 28
0 2 4 9 14 20 23 23 25 28 28 28 30 29 28 32 32 32 29 29 32 31 33 32 32 33 34 34 34 33 31 32 34 33 31 32 32 32 33 32 32 33 32 33 33 34 32 31 33 32 29 30 30 31 28 27 29 29 29 31 29 32 30 26 29 29 31 29 31 30 27 27 30 30 31 32 31 32 34 34 32 32 31 28 27 29 31 29 30 31 29 28 29 29 30 29 31 31 31 33 32
0 4 11 17 20 25 29 30 28 27 29 32 33 31 31 29 30 29 32 33 32 30 31 29 30 28 31 32 32 30 30 31 31 29 30 31 30 28 28 26 27 25 27 26 26 27 26 28 23 26 22 26 25 26 22 28 28 27 27 23 26 27 29 28 26 27 23 25 24 23 22 22 24 23 22 24 24 28 25 26 23 24 24 24 22 24 25 23 25 24 26 25 24 23 22 25 25 25 23 24 24
0 4 9 17 20 24 26 28 30 29 29 28 27 27 30 30 30 28 29 30 25 26 26 28 28 27 27 27 29 30 30 32 29 29 29 27 29 30 31 32 32 32 32 31 29 28 26 26 27 27 28 27 23 26 22 24 26 29 29 27 26 30 30 28 30 31 28 27 29 27 27 26 25 25 28 23 23 23 23 23 27 27 29 29 27 29 29 28 26 27 28 29 29 26 27 30 29 28 24 25 29
0 4 9 12 15 19 25 31 31 32 32 32 29 31 32 33 32 31 30 30 30 29 29 32 35 35 33 32 32 33 30 31 30 30 31 30 30 30 33 30 30 31 31 31 31 33 34 30 29 31 30 32 30 28 27 28 30 31 28 28 26 31 31 31 32 31 30 31 32 32 32 31 31 32 32 32 32 31 27 29 31 29 31 27 29 29 26 29 27 26 26 23 26 29 28 26 25 24 25 26 24
0 4 12 18 24 27 29 29 30 29 29 28 29 31 30 31 29 29 30 31 31 31 27 27 27 28 28 26 27 28 28 28 27 28 26 24 27 26 24 24 21 26 22 25 24 26 24 25 25 24 21 24 21 21 24 27 27 26 25 25 26 27 27 29 27 27 25 26 24 28 26 25 25 24 25 24 25 24 23 23 25 23 20 23 24 24 25 24 24 23 23 24 23 24 26 23 23 22 23 22 20
0 2 11 17 20 23 25 25 27 30 31 33 31 28 30 30 32 30 29 30 30 32 33 32 29 30 32 32 32 34 32 31 30 27 27 28 28 28 29 32 30 30 30 29 29 28 29 26 27 27 23 23 26 28 30 30 28 24 28 28 30 30 29 26 26 29 31 29 29 33 30 31 31 31 30 28 32 31 32 29 26 29 27 30 25 26 26 28 29 28 30 31 31 29 28 29 29 28 28 29 27
0 3 12 18 26 29 29 31 29 28 32 33 33 33 29 32 30 31 32 30 32 33 32 33 32 30 33 32 32 32 32 33 32 32 32 33 32 33 33 33 33 32 31 35 33 32 32 34 33 32 33 32 33 32 30 33 33 34 35 34 35 35 35 33 34 33 33 33 33 34 34 34 32 32 32 33 33 33 34 35 35 35 35 34 34 34 33 33 33 33 31 30 30 30 31 33 32 32 33 33 32
0 3 13 20 22 24 24 28 30 32 34 33 33 33 34 32 28 26 28 29 31 33 31 30 28 29 31 32 30 32 31 27 28 29 29 30 32 33 32 32 33 33 29 26 27 26 25 27 25 26 28 29 29 27 27 28 29 30 28 27 26 25 25 26 28 27 28 28 31 31 29 28 30 31 27 27 30 30 29 28 27 27 28 27 26 25 27 30 33 30 29 30 28 30 28 30 26 27 31 28 29
0 2 7 16 22 23 25 29 29 30 29 29 31 31 29 30 28 30 32 34 32 31 31 32 30 30 30 31 32 31 31 28 30 31 32 30 32 33 33 32 30 30 31 30 30 29 31 33 28 30 29 28 30 29 31 32 33 32 32 31 30 32 34 34 34 32 29 28 31 32 32 29 29 32 31 31 31 26 27 29 31 31 34 34 32 33 34 34 32 32 30 28 30 31 30 32 29 30 30 30 29
0 4 7 13 16 25 26 26 29 29 27 29 30 29 31 31 30 31 31 32 31 32 31 31 29 30 30 32 30 31 31 30 28 27 28 29 29 29 28 29 29 31 33 32 31 30 29 29 33 32 27 25 26 27 28 27 25 30 29 28 28 30 29 29 30 31 31 28 26 27 27 28 26 26 27 29 28 28 29 28 30 26 28 26 28 25 29 30 27 25 29 27 27 29 29 29 28 29 29 30 31
0 3 11 14 20 19 19 23 23 25 27 29 32 31 33 34 33 31 31 29 28 29 31 31 33 33 31 30 31 31 31 31 31 34 34 32 32 32 31 33 33 34 33 32 34 33 33 32 30 33 31 31 29 31 30 29 32 29 29 29 30 30 29 28 29 28 29 29 27 30 28 30 29 29 30 30 31 29 28 26 26 30 32 31 28 27 28 30 30 30 30 30 29 30 30 33 31 31 29 27 27
0 3 8 15 21 21 27 27 28 29 30 29 31 31 33 32 34 35 33 32 34 35 34 32 34 34 33 31 33 32 33 32 32 30 34 34 34 33 33 33 32 33 33 31 29 29 28 29 29 31 32 31 30 32 32 32 31 31 33 33 32 31 33 33 33 33 31 33 33 33 34 33 34 33 34 34 33 32 31 32 33 33 32 33 33 34 34 32 30 28 29 31 30 31 33 31 31 32 31 31 32
0 2 5 11 16 21 26 29 28 27 29 29 29 29 29 30 30 31 31 31 30 30 29 31 30 29 28 30 29 28 29 31 33 29 30 29 29 28 26 24 22 25 26 26 29 28 28 25 26 25 23 26 26 24 26 28 26 26 25 22 24 25 28 27 24 27 27 29 26 27 27 26 27 27 27 26 24 27 25 28 26 26 23 26 28 29 29 30 28 26 30 29 29 30 27 29 27 28 28 28 29
0 4 10 16 20 22 22 25 25 24 24 25 26 24 23 27 25 28 25 26 26 31 30 30 29 28 29 26 28 28 26 27 27 28 27 27 28 28 24 23 26 28 29 28 31 28 28 26 28 29 25 27 29 25 27 28 29 27 29 27 25 29 30 28 31 32 30 29 29 30 28 26 26 27 26 29 30 30 29 29 30 28 26 28 26 27 28 23 23 22 23 25 22 27 27 27 27 28 28 29 26
0 6 14 21 25 29 31 32 32 33 32 31 28 30 29 29 30 32 31 31 30 33 34 34 32 31 31 30 30 32 34 34 35 34 31 30 30 30 32 32 32 32 33 32 33 35 34 33 32 31 31 31 32 31 33 32 31 31 33 33 33 34 34 34 35 34 34 34 35 33 34 33 32 34 33 31 32 32 31 28 28 31 30 30 35 34 35 32 32 31 31 31 30 29 30 30 30 33 33 34 33
0 1 12 19 25 25 28 30 31 30 30 31 30 28 27 27 31 29 29 29 30 31 32 31 28 26 27 26 26 27 28 29 31 31 31 31 31 28 31 32 32 33 31 28 28 27 28 30 32 34 34 34 32 33 34 31 31 32 33 32 33 30 31 32 32 31 30 32 30 29 29 30 29 31 30 30 30 29 31 33 34 32 32 32 33 34 32 33 35 34 33 33 31 31 33 33 31 30 31 31 29
0 3 7 17 21 26 32 32 31 32 30 30 29 31 32 33 34 32 31 29 31 32 32 33 34 34 33 33 31 31 31 31 30 31 30 32 32 30 29 29 29 26 28 28 29 29 30 30 30 29 29 27 28 30 31 29 32 30 31 32 33 32 32 28 28 29 30 31 31 31 32 31 32 32 30 33 31 28 29 31 32 32 33 33 32 31 30 30 28 29 30 31 31 31 32 30 31 33 32 30 32
0 1 12 16 21 24 26 28 28 31 31 31 31 31 29 30 31 28 32 33 32 32 33 33 31 29 29 28 28 27 30 30 28 29 30 26 27 25 26 28 30 34 33 32 31 31 30 30 29 28 27 28 27 26 26 28 27 29 34 33 32 33 30 28 29 29 30 29 30 31 30 27 26 27 27 29 30 33 33 33 33 32 30 33 31 33 29 28 29 29 28 29 27 29 31 33 32 29 27 27 29
0 3 8 12 17 25 25 25 25 23 25 26 26 29 29 31 31 32 33 30 30 30 30 31 29 29 28 27 26 25 25 22 27 25 26 29 26 28 26 28 27 26 26 27 28 26 24 24 28 28 27 29 30 30 32 33 30 31 30 28 27 27 26 21 19 24 24 22 21 24 23 25 26 24 26 26 24 25 29 25 24 27 27 25 28 29 28 27 27 26 27 30 28 27 26 23 25 26 24 27 25
0 1 5 10 14 24 28 29 31 33 34 34 33 32 32 33 32 30 32 32 31 31 33 28 25 28 31 32 34 32 29 32 34 35 34 34 34 34 34 33 32 31 30 30 28 30 32 32 32 30 32 32 33 34 33 32 32 31 31 31 32 31 31 33 32 30 30 30 30 29 29 28 30 30 29 31 30 29 27 30 31 31 32 31 31 30 28 31 30 29 28 30 30 28 29 30 31 30 30 32 32
0 5 16 22 25 24 26 25 27 28 30 28 30 30 28 30 29 28 29 30 30 29 29 28 28 27 29 30 29 29 30 28 27 30 32 31 31 32 32 31 30 30 29 30 31 30 30 29 28 30 31 31 31 32 30 29 33 33 33 33 34 33 34 33 33 33 31 29 29 29 28 30 28 29 29 30 30 31 31 31 33 33 32 33 32 33 33 32 32 31 32 32 33 31 33 32 31 33 31 30 31
0 1 15 20 25 25 27 27 26 30 33 32 32 32 30 29 29 30 33 34 33 32 32 31 35 35 32 31 30 28 28 26 29 32 32 31 29 27 29 30 32 31 31 31 29 32 31 30 29 28 32 32 32 31 31 32 32 32 34 34 34 32 29 30 33 34 35 34 32 34 34 33 33 32 34 33 32 33 32 31 31 33 32 33 33 31 31 31 31 31 32 33 34 31 31 30 30 29 31 31 33
0 6 14 20 22 24 25 30 30 31 31 31 32 32 33 31 31 32 32 30 32 31 31 28 29 29 30 30 30 30 30 29 30 29 31 30 30 33 34 32 32 34 34 34 34 34 33 31 32 33 33 32 33 32 30 29 31 30 29 29 28 29 32 32 32 34 33 32 31 30 32 33 35 32 32 31 31 31 32 34 35 33 31 32 32 33 31 30 32 32 32 32 32 32 32 32 33 32 30 29 28
0 5 10 17 22 23 29 27 28 29 31 30 31 31 32 31 30 29 31 29 28 31 31 31 30 30 30 31 27 29 29 32 31 33 32 32 33 33 32 29 31 32 28 26 25 23 29 28 31 28 29 29 30 30 28 30 30 30 31 27 28 30 28 27 28 29 25 26 26 27 24 22 21 23 25 29 30 27 28 30 30 27 25 27 28 30 24 26 27 26 24 24 27 28 29 31 33 32 32 28 27
0 3 7 18 23 24 24 24 25 26 26 28 31 32 32 30 28 29 29 29 31 31 27 28 30 31 31 28 27 27 26 28 30 28 29 28 28 29 29 31 28 29 29 31 31 29 29 28 28 31 30 28 28 30 31 30 28 28 28 28 28 27 28 28 28 28 28 29 28 30 30 30 28 25 27 28 28 31 31 29 25 29 26 23 21 23 26 26 27 27 28 30 30 29 29 27 28 28 25 24 27
0 1 4 14 19 26 27 28 29 29 28 27 28 28 27 27 26 29 29 29 30 27 29 27 27 25 27 27 28 28 27 30 27 26 25 27 26 24 25 26 27 28 26 26 26 25 24 27 28 27 27 26 25 25 26 29 28 29 26 30 26 27 26 24 27 25 26 25 24 26 24 26 25 25 25 25 26 24 25 22 21 22 22 24 24 23 24 26 25 26 26 25 24 22 26 27 28 26 28 26 25
0 8 8 12 14 21 24 27 27 27 26 30 30 33 31 29 29 32 33 31 32 30 30 30 31 30 30 27 31 32 32 31 29 28 28 31 31 32 31 29 29 30 28 31 31 30 32 29 30 30 29 30 31 28 30 27 29 28 26 25 24 23 28 24 28 28 31 28 29 26 23 25 22 26 26 23 27 25 28 28 27 27 30 32 31 31 30 28 26 29 30 28 28 28 27 27 28 27 30 32 32
0 2 12 18 20 22 28 31 32 32 33 32 30 32 31 28 29 30 27 29 31 30 28 29 31 28 27 26 27 27 30 31 31 30 27 28 26 27 28 28 32 29 30 30 30 28 27 27 26 27 25 27 27 27 25 29 26 26 25 25 25 27 28 27 26 25 25 25 27 28 28 30 29 28 30 28 28 27 27 30 29 29 27 25 27 29 29 25 27 29 28 29 29 28 26 27 27 27 28 26 28
0 4 9 15 18 22 24 25 27 26 33 32 29 31 29 28 29 29 28 30 30 25 26 30 29 31 30 29 30 29 29 30 27 28 29 28 27 27 27 27 26 28 27 28 29 30 28 27 31 31 30 31 32 29 31 27 26 26 24 23 27 29 27 30 30 30 29 29 29 28 27 23 23 24 24 23 25 24 24 20 22 26 27 30 29 27 27 27 28 29 30 26 28 28 28 28 29 29 25 29 27
0 1 11 16 21 26 27 27 29 31 31 30 30 27 27 28 25 27 28 28 29 31 31 31 30 28 26 29 30 26 26 26 29 29 28 29 29 28 28 30 29 31 30 31 30 30 30 30 27 29 29 30 28 26 25 26 25 26 29 26 27 27 27 25 26 30 27 29 25 28 27 26 23 23 25 22 25 24 22 21 20 21 21 21 22 20 20 21 17 17 19 24 25 25 26 25 26 26 24 21 22
0 3 15 21 24 25 26 27 29 32 32 30 30 30 30 27 23 28 27 26 27 28 30 30 30 29 29 30 29 30 29 30 30 32 31 27 29 27 30 29 30 30 29 30 28 31 28 28 28 27 29 28 28 28 30 29 28 27 28 29 25 26 28 29 29 29 31 29 31 28 29 31 30 28 27 27 26 25 27 28 24 26 25 25 25 25 24 25 23 29 29 29 27 27 27 28 26 24 28 28 29
0 2 10 18 25 29 31 30 30 32 29 31 29 30 30 29 32 30 30 32 30 29 32 34 31 31 31 33 32 33 31 29 31 31 33 32 32 35 33 33 33 32 32 28 28 28 29 29 26 27 31 31 30 30 28 26 30 30 30 29 31 32 31 29 30 29 30 27 30 31 32 33 33 33 32 30 29 30 29 29 29 31 29 33 32 31 30 31 32 31 31 31 31 31 30 30 33 30 29 30 29
0 4 11 14 17 22 24 26 29 26 30 30 30 32 32 33 33 32 32 30 33 32 32 31 29 32 33 31 30 29 29 30 31 31 28 29 29 29 29 30 27 26 30 27 27 27 25 25 23 22 19 21 21 24 24 27 26 29 29 31 31 30 31 32 32 30 31 30 28 26 30 29 26 26 26 26 28 28 29 29 27 26 27 22 26 26 27 29 29 28 29 30 28 27 27 26 27 24 22 24 25
0 1 6 10 18 24 25 27 28 30 30 31 31 33 33 33 30 30 29 27 28 28 26 26 31 30 29 27 29 29 31 31 32 29 30 33 34 33 35 35 34 34 34 34 33 34 32 31 31 31 31 31 32 32 31 30 30 30 30 32 32 32 32 31 34 32 32 32 31 30 32 31 29 30 32 32 34 33 35 31 30 30 28 30 28 28 29 29 29 29 29 29 30 31 29 29 31 31 30 32 31
0 2 8 17 21 24 25 26 28 30 30 33 33 31 29 31 31 31 33 30 28 29 30 31 32 30 31 30 29 30 31 32 30 27 31 31 30 31 30 30 31 32 32 31 29 26 25 28 29 27 28 27 26 26 27 24 26 28 26 25 25 25 23 22 24 25 24 25 26 25 31 29 30 31 31 32 33 32 31 31 30 31 31 31 31 32 30 29 29 32 32 33 33 31 31 33 30 32 31 27 28
0 7 12 14 17 19 24 29 31 32 32 31 33 34 33 34 34 33 33 32 31 29 30 29 30 28 27 24 28 28 25 28 31 29 28 30 29 29 29 29 28 28 29 29 31 31 31 31 31 32 31 30 32 28 30 25 26 24 26 24 25 26 25 24 26 28 26 28 26 26 26 26 27 24 24 22 23 24 25 25 26 28 24 27 30 27 28 29 25 28 26 26 29 30 30 29 29 32 31 29 29
0 4 10 17 28 31 30 30 29 29 33 28 28 30 29 27 29 28 30 32 29 28 28 26 27 28 31 31 32 31 31 31 31 29 29 29 25 27 27 25 27 27 26 24 26 27 27 25 28 25 25 27 26 26 25 26 26 25 25 24 21 21 21 22 22 25 26 25 24 25 28 27 25 26 23 26 25 28 28 27 30 27 27 28 28 29 32 31 31 29 28 25 23 25 23 29 28 29 27 25 25
0 4 11 20 23 24 25 29 30 31 31 31 29 29 27 29 30 30 33 33 32 32 31 31 31 32 30 31 30 30 29 30 30 29 27 26 28 29 30 29 31 30 30 30 31 27 26 28 28 31 29 30 29 28 30 29 28 26 28 25 28 25 29 30 24 26 26 26 29 29 29 28 25 25 31 32 29 28 30 29 28 29 27 29 28 30 29 30 29 28 28 30 29 29 28 26 28 27 29 28 31
0 1 8 12 18 21 23 24 28 31 31 30 30 28 28 29 27 29 27 29 27 27 30 30 30 31 33 32 30 28 27 30 28 26 26 25 25 26 24 24 25 26 27 25 27 27 27 25 24 25 26 23 23 26 29 25 26 28 28 27 27 27 27 27 29 29 29 27 27 26 24 22 27 27 29 29 29 26 27 28 27 26 28 29 31 30 30 29 27 28 29 28 28 28 28 28 30 27 27 29 28
0 4 13 20 24 26 26 27 28 29 32 31 32 34 32 32 29 31 31 30 30 29 31 30 31 29 31 33 33 33 32 30 31 29 26 25 28 29 30 29 29 30 31 31 31 31 33 28 28 27 30 30 33 32 34 34 33 34 34 33 33 32 31 33 33 32 31 32 33 31 30 29 30 31 30 29 29 29 31 32 32 30 31 31 29 28 33 32 31 32 34 33 35 33 31 30 30 30 33 30 29
0 5 7 11 18 18 25 25 25 27 28 27 30 32 29 32 32 32 30 32 32 31 33 33 33 32 30 30 29 29 31 31 32 31 33 34 34 31 28 28 30 30 29 31 31 30 30 32 29 31 32 31 33 31 31 29 30 30 29 28 28 30 32 34 33 31 27 28 29 31 31 30 30 28 29 29 29 30 32 31 31 30 29 31 31 32 31 30 30 30 32 31 29 29 30 31 32 31 29 28 31
0 3 10 17 20 24 24 28 29 33 33 35 34 35 34 33 34 33 32 31 33 33 33 33 32 30 32 30 31 31 26 25 27 28 28 27 28 28 26 28 27 27 28 26 26 28 31 31 32 30 30 31 31 34 33 33 29 29 29 29 28 29 27 24 26 26 26 27 27 27 32 31 32 31 31 28 25 26 26 25 26 30 28 31 28 30 30 27 32 29 32 29 28 29 27 28 25 28 29 28 27
0 4 11 16 21 21 26 28 30 30 30 29 26 28 30 31 31 34 32 32 32 31 30 30 32 30 31 33 32 31 32 31 30 31 30 29 32 30 28 26 30 31 32 32 32 31 33 35 34 35 32 30 32 31 33 32 31 32 30 28 27 27 29 29 26 29 29 30 31 29 29 28 27 27 25 26 30 28 29 29 29 30 30 29 31 29 31 30 30 28 31 30 31 30 29 30 29 30 28 28 31
0 3 9 17 22 24 25 26 26 28 28 28 28 30 30 31 30 32 32 32 31 29 26 27 29 27 30 31 33 34 34 33 32 29 29 30 30 31 30 32 30 30 28 30 29 29 28 30 27 29 31 33 31 31 26 25 25 26 27 28 30 30 28 28 29 29 27 26 25 26 25 27 27 26 27 26 26 29 31 32 30 28 27 28 25 28 26 28 33 31 29 33 32 29 28 31 29 32 32 34 29
0 4 13 15 22 23 28 30 31 32 33 31 32 32 30 30 32 29 31 27 28 30 30 29 30 32 29 29 28 27 29 31 33 28 26 26 27 29 28 31 31 32 31 29 30 31 33 30 29 30 31 31 29 28 26 26 28 29 28 31 31 29 27 27 30 27 26 30 30 30 31 29 29 27 23 21 26 24 30 28 28 27 27 25 27 27 26 27 28 29 26 26 25 28 27 30 30 27 29 29 30
0 3 9 15 23 27 30 29 28 29 27 29 29 28 31 28 29 28 28 29 27 29 28 27 28 29 29 30 31 32 31 29 29 27 29 31 27 28 27 23 25 27 26 28 26 28 30 31 31 31 34 31 32 30 31 31 29 26 25 22 25 28 29 31 29 28 27 26 27 28 28 26 26 27 27 24 28 26 27 27 29 30 30 29 26 25 26 27 24 23 25 23 28 25 28 28 28 29 28 30 31
0 2 8 14 20 20 25 27 26 26 29 29 28 33 32 30 29 29 29 28 30 31 30 31 32 33 30 29 30 29 27 29 30 29 28 29 27 28 29 29 29 29 29 27 30 30 30 29 33 32 31 25 27 28 26 27 26 27 25 24 26 27 27 25 24 24 25 27 27 26 24 27 30 31 30 29 31 32 33 30 29 32 29 32 29 30 30 30 29 29 28 31 29 30 26 28 27 28 33 29 29
0 2 9 16 21 24 25 26 28 30 29 32 33 34 32 30 28 29 29 29 30 29 31 29 32 30 31 33 34 33 34 31 30 30 30 32 30 31 33 33 35 32 31 31 31 31 31 31 33 33 33 33 33 32 31 33 33 35 34 35 35 34 32 33 34 33 32 33 33 31 31 31 32 33 33 31 31 31 32 33 32 33 32 32 30 29 30 31 34 34 31 31 30 30 34 34 32 33 32 31 32
0 3 8 20 27 31 30 29 30 25 28 29 29 30 31 30 31 32 28 27 29 29 27 28 28 26 24 26 29 28 27 28 29 30 28 29 31 32 31 29 31 28 26 26 30 31 33 32 31 31 31 32 31 28 28 27 28 29 28 29 29 29 30 30 29 27 25 27 29 28 27 30 31 29 30 30 31 30 28 28 28 28 31 33 32 32 27 27 29 29 29 30 29 28 28 23 27 29 29 27 28
0 3 6 10 16 23 26 28 26 26 28 31 30 29 33 35 34 33 32 32 32 31 29 30 30 31 32 30 33 32 30 28 30 30 28 27 26 25 28 27 27 27 29 30 30 30 28 29 30 27 31 31 30 28 27 27 27 24 23 25 28 29 28 29 29 30 32 31 28 28 31 31 33 32 28 28 30 27 30 31 32 34 34 29 28 23 27 29 29 25 28 26 25 25 25 23 25 26 26 26 30
0 4 7 11 19 25 25 25 26 27 27 30 33 34 33 33 33 32 33 33 34 34 32 33 32 33 32 31 31 31 29 28 28 31 31 32 31 33 34 33 34 32 30 32 32 29 30 32 31 31 31 31 33 31 32 33 33 32 31 31 32 33 32 31 34 33 33 33 32 32 32 31 34 33 35 35 34 32 32 34 34 34 33 32 33 33 34 32 33 32 32 34 32 33 32 33 33 33 31 31 28
0 6 12 21 24 24 26 28 29 29 31 32 31 31 29 31 32 31 30 32 32 30 31 32 33 29 29 27 28 26 27 27 27 28 28 26 23 22 25 25 23 24 22 25 25 26 27 30 31 29 28 29 29 31 31 28 31 33 32 33 34 31 30 31 29 27 27 26 24 25 25 26 28 26 25 28 28 29 31 32 31 32 30 28 30 31 29 32 30 31 31 28 25 29 27 29 26 25 24 27 25
0 1 8 13 19 22 27 27 26 28 27 29 26 30 27 28 29 28 30 29 30 28 28 30 29 28 27 29 31 33 33 32 30 31 28 29 30 29 30 31 31 31 31 30 33 29 28 29 28 32 29 28 31 32 31 31 32 31 29 31 31 32 32 32 31 31 29 31 32 31 32 30 31 29 28 31 32 31 33 32 31 32 31 29 26 31 31 29 31 32 34 34 34 34 33 33 32 34 33 32 33
0 7 13 17 23 29 29 30 32 31 29 33 32 32 32 32 32 30 31 32 33 35 34 34 33 33 33 32 31 32 31 31 32 30 30 32 33 31 34 31 31 30 29 28 29 31 29 29 29 28 27 30 30 28 30 30 31 32 31 31 31 34 33 30 30 28 29 31 29 31 34 33 32 33 33 33 32 31 33 31 28 31 30 30 31 32 34 33 32 31 30 30 30 30 27 28 30 30 32 32 30
0 3 10 19 24 25 29 29 29 31 32 32 32 32 32 31 29 29 31 30 31 30 30 28 31 30 28 29 30 34 32 32 33 35 34 32 32 31 33 34 30 32 31 31 32 32 34 33 33 33 34 33 34 33 33 34 34 34 33 34 32 31 31 32 32 30 33 34 31 32 32 31 30 31 31 31 31 29 30 32 32 34 34 33 35 35 33 32 31 30 30 30 31 31 32 32 32 32 33 31 33
0 1 12 23 30 33 32 27 28 27 28 30 28 31 32 31 30 28 29 28 26 27 30 29 29 29 28 26 27 26 26 29 31 31 29 26 27 25 26 24 24 26 29 26 24 29 31 30 30 30 30 29 25 26 23 22 24 27 28 28 27 28 29 29 29 30 30 28 26 27 29 28 26 24 27 28 26 28 29 29 27 29 30 31 31 31 30 27 28 30 28 28 28 27 31 29 27 30 30 29 27
0 3 9 18 22 26 26 27 27 30 29 30 31 33 32 31 31 31 29 28 29 28 29 30 28 29 30 29 26 26 27 27 25 26 27 29 32 33 30 30 28 30 32 31 29 27 28 30 31 30 33 33 30 31 31 32 31 32 31 28 27 26 28 28 30 29 30 27 29 31 29 27 30 31 30 31 29 31 30 31 29 30 30 29 29 27 29 30 28 31 29 26 27 28 30 29 29 28 30 31 31
0 2 9 17 20 23 23 26 27 31 34 30 30 29 29 30 30 29 29 29 28 27 29 28 29 29 31 31 32 32 29 28 32 32 31 30 32 34 34 33 30 30 31 30 29 28 28 28 30 30 31 31 31 33 32 29 29 27 27 27 29 29 28 28 28 30 29 27 23 25 25 25 28 30 32 31 30 28 29 30 29 28 29 27 27 27 27 27 27 29 30 33 31 33 30 31 31 30 30 29 29
0 4 11 16 19 20 25 25 27 26 25 25 27 28 26 27 26 28 28 30 31 31 30 30 32 28 29 28 28 29 28 27 25 28 28 30 28 25 28 28 28 28 29 28 28 29 28 29 29 26 28 31 31 31 31 32 32 32 29 30 28 29 25 23 25 28 29 31 31 31 28 28 27 27 27 27 27 29 29 32 29 30 27 29 29 29 29 30 29 29 28 30 30 27 27 25 26 27 25 25 29
0 5 9 13 15 22 25 27 29 28 31 32 30 33 32 32 33 31 31 30 30 31 32 30 31 31 30 31 34 31 31 30 31 29 30 31 31 30 29 29 28 29 29 26 27 28 31 31 32 33 32 32 34 33 29 30 31 30 31 30 27 31 31 28 28 28 28 28 27 29 29 30 30 30 29 26 28 29 29 29 31 28 28 29 27 29 31 29 30 28 29 29 29 28 25 25 26 23 24 26 27
0 2 9 12 20 23 28 29 30 30 30 28 28 28 31 29 30 29 29 29 30 27 28 30 31 32 30 30 31 26 28 29 30 32 29 26 31 28 25 26 28 29 27 29 28 26 26 24 26 32 31 31 29 26 26 28 27 25 30 28 28 27 28 26 26 28 28 28 29 30 29 28 28 31 31 31 25 27 28 28 25 26 26 24 26 26 24 24 27 24 27 27 27 29 30 32 32 28 28 29 32
0 2 9 22 22 25 26 28 30 33 34 35 35 34 32 31 32 30 29 30 32 32 29 29 29 30 33 31 29 27 28 27 27 29 26 25 25 26 24 27 28 31 31 28 29 29 29 27 25 25 22 23 23 23 24 22 23 23 27 28 25 25 27 26 25 25 27 25 22 23 22 24 25 27 25 26 26 27 27 27 27 28 30 27 27 29 29 27 26 26 26 24 24 26 28 29 27 28 26 24 24
0 2 4 17 20 22 25 27 27 28 27 30 31 30 32 31 31 28 29 29 29 30 31 30 28 29 30 32 32 31 32 33 31 30 31 28 26 28 25 28 29 26 27 31 29 31 32 31 29 29 28 27 25 27 27 30 29 28 28 28 25 25 28 25 27 28 29 28 26 29 26 22 26 26 25 22 24 19 21 21 22 21 20 21 25 21 22 21 23 23 21 24 28 27 26 26 26 25 28 29 30
0 1 6 16 18 22 23 27 29 32 31 30 30 26 25 29 30 29 29 28 29 31 30 27 31 29 30 29 31 33 32 31 32 30 27 29 28 27 25 24 27 28 29 30 30 29 28 28 27 28 32 29 28 26 27 27 28 27 27 30 27 27 28 29 28 29 29 27 27 30 31 26 27 25 22 25 23 24 26 29 30 24 23 24 23 23 23 26 29 30 31 30 30 30 29 29 32 30 28 27 30
0 7 11 13 17 20 25 27 27 29 26 25 27 30 29 27 29 29 26 25 27 29 29 31 31 30 31 30 32 32 30 28 31 30 30 29 31 31 32 30 32 31 27 25 29 26 25 25 23 26 26 27 28 28 28 26 25 24 27 26 26 27 30 30 30 31 32 30 28 30 31 33 32 28 28 28 29 29 27 24 23 26 23 24 23 22 23 22 27 26 26 28 27 27 27 27 28 28 28 28 27
0 4 8 17 21 25 26 31 31 30 30 31 32 32 33 32 32 33 33 32 34 34 30 29 29 30 30 30 29 31 30 29 29 30 30 28 30 29 32 32 31 32 32 30 31 29 27 28 31 31 31 30 32 30 26 26 28 28 27 28 29 29 27 30 31 30 31 33 32 31 30 30 29 30 29 27 31 30 29 30 29 28 27 27 25 25 24 30 30 29 26 28 31 30 31 25 26 28 28 30 30
0 2 6 14 20 24 26 27 29 29 30 28 27 26 28 27 28 26 26 28 28 30 30 32 30 28 29 29 30 28 29 29 31 32 32 32 29 27 27 29 32 29 28 31 33 32 29 31 30 30 30 27 28 28 31 31 29 30 30 32 31 28 26 29 30 29 28 28 27 28 26 25 27 30 32 30 30 30 29 29 27 24 24 25 28 26 30 27 26 29 30 29 29 30 30 31 32 32 32 31 31
0 3 10 10 17 23 25 26 28 27 28 31 33 32 29 29 30 28 27 27 27 26 28 27 27 28 27 29 33 33 32 30 30 31 34 33 33 33 32 32 32 30 30 32 32 34 34 34 33 35 35 35 33 33 32 31 32 32 31 31 29 29 29 28 31 34 35 34 33 33 31 32 32 32 33 32 33 30 28 30 33 32 32 32 33 32 33 33 32 31 30 31 30 32 31 30 29 29 32 31 31
0 2 8 16 21 27 25 26 23 27 28 27 29 29 29 29 31 31 31 31 29 30 28 32 32 32 33 34 34 32 32 31 31 31 31 28 30 30 29 29 31 30 29 30 32 26 28 30 31 31 31 33 31 28 28 29 27 28 28 28 28 28 29 27 26 24 27 26 25 26 26 26 26 24 24 23 23 27 28 27 29 27 25 26 26 25 24 24 22 26 26 23 25 24 25 25 22 24 23 25 26
0 2 9 16 17 19 20 22 24 28 31 33 32 31 31 31 30 33 33 34 32 30 30 32 32 31 30 27 26 28 25 29 29 30 29 29 27 24 24 26 28 26 27 28 30 29 28 29 29 29 29 29 31 30 29 29 29 30 28 30 29 30 30 31 30 29 30 29 31 29 27 28 29 31 32 29 31 28 28 28 31 32 32 29 31 29 27 29 29 29 29 30 31 33 32 31 32 32 29 29 26
0 4 11 18 21 24 28 27 28 30 32 31 32 31 28 27 29 30 31 30 31 29 30 29 31 30 33 31 31 28 29 29 29 30 30 28 31 31 31 32 30 31 32 31 30 29 29 31 30 34 32 33 33 34 33 33 33 28 28 26 29 29 30 32 31 32 31 30 29 28 29 31 34 33 35 33 33 30 31 30 31 31 31 32 33 33 33 30 32 32 32 34 35 34 33 32 32 31 29 31 30
0 3 11 16 19 21 23 27 30 31 31 31 31 31 33 30 34 32 31 32 29 30 29 32 33 33 32 32 32 34 31 31 30 34 33 34 31 28 28 29 29 30 28 28 31 32 30 30 29 30 28 29 31 30 32 34 34 34 33 32 31 31 29 30 29 31 31 31 26 26 25 27 25 27 24 29 29 28 28 30 30 31 32 26 27 29 29 31 29 30 29 29 30 30 29 31 27 25 23 28 30
