0 1 3 7 3 8 7 4 3 5 5 8 4 4 3 3 4 9 6 8 5 5 6 3 2 6 5 4 6 5 6 5 9 3 8 6 9 8 6 8 8 10 6 6 6 6 6 9 11 8 11 6 5 4 6 9 11 9 7 7 6 3 5 5 4 5 7 5 3 3 5 5 5 6 9 6 5 7 6 4 2 4 7 7 5 6 5 4 6 9 6 5 4 1 3 4 7 5 4 3 5
0 2 3 3 8 5 4 5 6 5 6 3 7 9 7 4 3 8 5 5 4 11 9 5 7 7 4 1 1 4 3 6 7 7 7 8 7 9 9 7 7 5 6 2 6 4 5 7 9 5 5 7 7 11 6 9 3 3 7 6 11 5 5 6 9 5 3 6 8 5 6 5 6 4 6 6 7 9 7 4 4 6 4 2 5 6 8 7 7 7 6 4 7 6 7 6 8 6 7 7 8
0 1 2 9 4 7 5 3 1 6 5 6 6 8 6 7 6 8 5 4 4 7 7 7 6 7 7 9 11 7 5 6 3 2 5 5 7 5 3 5 6 3 5 5 6 5 7 7 9 9 6 8 9 7 5 6 6 9 10 10 7 4 7 5 8 6 10 8 10 10 2 9 10 9 2 6 6 8 5 5 5 7 5 8 6 4 5 5 9 7 6 9 4 6 8 6 6 4 5 6 8
1 3 6 9 8 7 7 11 7 8 8 11 10 13 10 10 14 13 10 7 14 8 12 14 14 10 7 8 10 7 16 13 10 14 12 6 9 11 16 11 12 10 10 10 14 13 9 6 8 11 5 9 13 12 9 11 10 11 7 9 8 7 10 10 10 7 9 8 12 7 12 13 14 14 7 6 6 12 11 10 12 8 9 11 6 10 14 10 13 12 7 6 7 6 7 9 8 3 7 3 5
0 1 7 10 9 9 8 12 10 6 6 7 5 7 6 7 13 13 5 4 10 10 13 7 9 8 10 7 11 14 11 8 10 9 9 11 13 9 9 10 14 13 9 7 19 16 11 9 5 7 8 7 8 9 10 5 5 9 11 10 8 10 7 7 9 8 10 5 14 14 13 12 6 7 8 8 9 12 13 14 10 6 6 6 8 7 11 15 15 9 11 10 12 15 10 8 11 10 12 8 9
1 3 10 9 11 9 11 12 12 11 12 15 15 15 9 8 8 12 9 12 9 11 14 6 11 11 7 10 12 9 11 13 11 10 5 7 6 7 7 5 6 11 7 5 6 7 5 9 9 9 11 13 12 8 9 11 16 15 11 17 11 12 8 12 10 10 12 10 11 11 9 9 10 12 10 10 10 7 8 9 13 12 9 9 11 9 9 11 6 9 7 9 12 11 10 14 13 7 8 12 9
2 27 48 64 61 64 62 57 68 73 64 63 63 68 61 58 68 60 66 67 71 64 68 57 77 61 59 67 61 71 69 58 62 65 67 71 68 63 64 71 62 63 72 57 58 51 55 57 68 61 50 68 78 63 81 77 82 56 71 69 84 64 53 59 67 59 57 65 68 75 65 64 64 66 75 60 67 54 54 48 57 60 57 68 59 65 72 85 76 60 64 58 57 55 63 63 61 67 53 68 67
2 23 40 55 49 54 66 66 72 85 77 61 75 73 59 55 65 76 62 63 67 66 80 75 58 51 67 66 58 58 70 60 52 53 62 64 61 67 56 65 69 67 65 68 56 77 76 64 55 71 70 60 70 58 75 72 72 56 57 53 54 62 64 55 56 55 63 51 65 62 56 55 63 54 62 58 57 61 59 48 57 55 55 64 56 58 51 63 67 64 72 64 71 82 62 57 65 68 56 63 64
1 22 47 48 44 53 50 57 55 56 58 66 68 61 70 63 70 60 69 64 76 62 58 52 70 68 73 64 71 59 55 54 52 43 49 60 65 60 59 53 55 52 66 62 66 59 53 57 59 62 54 54 57 60 56 66 66 57 53 53 57 67 68 66 59 50 66 67 65 69 61 43 61 63 60 52 60 60 59 62 66 55 55 67 56 46 50 60 53 56 71 70 72 72 77 68 59 50 60 58 57
2 9 10 11 9 12 11 16 21 16 19 14 20 18 15 13 8 21 21 23 19 24 21 17 19 16 19 17 26 16 14 19 21 18 14 17 19 13 14 10 11 10 16 17 19 19 15 16 21 19 16 21 15 9 15 14 17 15 15 17 17 20 15 17 21 16 14 18 16 16 14 15 9 11 14 15 10 20 16 15 13 10 14 13 13 22 22 17 18 15 14 15 12 12 11 9 16 13 9 14 17
0 6 15 16 24 22 22 23 23 13 17 20 17 19 16 15 13 11 11 13 13 15 9 11 13 17 17 20 18 18 15 15 18 18 17 14 11 19 13 17 17 19 15 15 13 15 24 22 27 22 22 17 15 18 12 17 19 22 20 16 14 11 14 16 18 16 19 16 13 14 12 16 21 22 20 20 22 21 25 20 15 15 17 24 13 14 12 14 19 17 21 19 15 18 18 14 15 16 11 16 17
1 6 10 15 16 13 14 9 13 8 13 12 15 16 18 19 17 16 15 20 17 15 18 21 19 12 17 21 19 19 19 17 14 13 8 19 23 20 10 9 15 16 13 14 11 14 16 18 13 14 10 16 16 15 19 23 23 22 18 14 13 16 19 20 17 17 13 18 16 19 15 17 23 21 24 16 15 13 14 14 13 20 17 24 21 21 14 16 16 11 13 14 9 14 17 16 18 16 19 24 23
0 6 20 25 31 33 26 29 23 21 25 26 20 26 25 21 25 19 18 26 26 31 21 34 31 26 24 25 26 34 36 27 28 30 35 34 36 29 24 25 26 26 26 25 29 25 24 26 26 26 23 25 36 29 24 26 23 24 27 22 33 28 26 19 26 22 24 33 33 30 23 34 26 30 31 27 35 35 32 28 31 31 34 25 22 27 18 30 20 27 35 35 28 25 33 31 30 29 31 23 28
2 5 14 28 23 19 19 24 29 26 31 32 34 20 19 24 28 28 28 27 24 22 25 26 24 24 24 31 30 22 30 26 23 23 25 28 31 20 22 29 32 32 33 32 33 24 33 32 36 30 29 32 25 32 39 36 31 28 27 17 20 26 24 25 29 34 25 23 26 21 29 26 34 25 24 19 24 27 25 26 33 31 29 27 22 34 24 26 32 26 28 25 28 31 31 43 29 34 27 36 32
0 10 18 21 25 25 25 16 26 28 33 18 26 29 26 28 27 28 29 30 21 27 33 28 39 30 33 23 25 26 27 34 29 29 35 26 27 25 21 24 27 27 22 28 25 31 26 29 28 34 26 33 23 29 24 26 25 23 24 24 17 18 19 19 19 25 23 30 35 31 35 35 30 29 28 26 28 27 30 29 29 25 34 28 27 28 29 30 37 32 25 22 25 24 25 30 38 32 33 30 33
0 9 12 11 19 16 11 15 12 18 17 19 20 16 15 12 10 14 13 14 19 9 14 14 16 18 12 14 18 16 18 16 11 20 20 18 11 16 11 17 16 14 18 12 12 18 15 10 14 18 16 11 12 12 8 15 17 11 16 13 13 9 10 14 18 9 9 14 8 12 10 10 18 17 14 13 12 14 14 7 10 10 13 12 12 13 14 16 16 8 15 14 16 16 11 13 14 13 14 11 15
1 6 11 17 13 12 11 15 12 12 18 14 15 15 13 16 20 14 14 13 12 18 12 15 12 12 12 8 6 10 10 12 17 13 14 13 9 17 14 14 15 20 17 8 13 12 8 13 11 11 18 16 18 17 17 16 11 12 11 8 14 12 15 18 17 11 14 15 11 17 12 13 13 10 12 14 10 13 14 15 18 17 11 14 12 10 11 11 22 18 14 13 13 15 9 15 22 18 20 18 13
0 5 12 11 16 13 14 14 12 12 9 10 10 11 7 12 17 17 10 13 15 21 18 17 11 13 10 10 10 11 14 14 7 10 10 13 10 7 11 11 17 18 22 16 19 16 15 10 10 16 12 17 14 11 10 11 11 12 6 21 15 9 6 6 9 11 12 11 13 14 13 8 13 12 10 11 15 13 13 14 11 13 12 10 13 13 11 12 11 11 11 13 12 9 14 14 16 17 13 18 15
0 14 34 42 54 45 41 58 61 55 61 54 43 45 44 51 47 51 55 47 41 47 42 50 38 49 51 49 49 54 49 45 39 41 38 42 39 28 51 45 54 41 38 41 47 47 52 44 53 43 42 35 36 46 47 41 36 35 49 49 42 49 50 59 47 47 55 48 40 37 51 39 41 51 44 50 46 42 42 43 36 46 47 49 54 39 45 47 43 40 45 46 45 44 47 51 52 49 43 38 41
0 17 29 35 45 46 43 39 37 45 36 42 48 48 45 55 46 46 55 42 41 44 41 51 46 55 55 41 43 51 55 62 54 43 45 51 57 55 49 53 53 51 47 41 40 46 51 46 46 38 40 39 56 49 47 47 46 43 47 45 49 55 53 45 40 44 42 43 43 48 54 47 35 45 42 40 36 46 50 49 48 53 59 57 48 48 46 50 43 42 36 43 43 37 34 30 48 48 51 45 44
2 19 37 48 37 39 43 38 52 50 45 55 49 52 44 48 49 45 50 52 57 50 47 52 41 49 47 47 49 45 58 44 48 41 42 47 47 54 45 49 54 42 45 37 34 39 42 55 58 48 49 45 54 45 47 51 44 48 45 47 49 50 54 47 52 49 49 46 45 47 54 45 56 52 45 39 48 41 47 44 42 33 36 44 58 51 47 42 37 40 38 49 40 47 47 44 40 36 35 45 50
2 14 27 33 33 29 29 30 36 36 32 35 32 31 34 38 36 32 30 26 33 37 36 42 43 37 30 30 32 30 36 40 35 38 41 41 36 36 38 39 35 34 45 37 39 45 39 34 43 41 38 36 35 39 39 36 44 38 35 34 34 32 32 37 40 33 24 30 31 36 36 31 35 28 23 25 33 38 42 39 40 40 30 32 35 38 34 29 42 37 37 38 33 29 32 29 33 34 25 31 34
1 16 25 25 37 41 41 37 33 40 32 35 33 36 34 27 36 39 43 39 38 42 32 32 43 30 29 27 33 29 21 31 33 31 34 33 38 33 39 37 33 38 43 41 42 35 39 25 40 46 34 36 29 26 27 32 25 25 25 33 32 34 44 40 41 37 37 35 35 33 35 36 30 35 36 42 42 32 36 33 32 38 37 31 40 41 47 41 44 37 34 30 36 34 36 40 32 38 31 30 29
0 16 25 30 31 32 27 29 28 31 36 36 34 36 37 27 30 30 25 26 36 31 35 36 36 29 32 33 31 39 45 35 32 32 33 32 31 32 31 30 30 36 37 34 27 30 31 30 35 37 43 45 34 31 25 38 34 35 28 32 28 22 31 35 37 39 26 30 33 32 44 32 38 30 29 32 45 43 37 37 34 28 28 29 23 24 33 30 27 39 32 31 34 36 33 34 30 25 26 28 25
3 12 19 29 21 28 26 33 27 24 31 28 25 27 32 32 26 29 31 23 24 28 29 32 28 36 22 26 23 34 33 30 26 17 22 19 22 27 19 23 29 33 27 26 25 21 24 33 21 23 26 23 30 30 26 29 26 22 27 25 28 32 23 22 27 30 29 29 28 25 25 22 20 21 24 26 19 23 24 21 20 22 27 35 34 23 24 25 21 24 23 33 28 22 24 23 22 25 20 27 28
0 14 15 24 25 31 29 32 14 19 27 25 26 27 26 24 27 24 26 30 27 29 23 25 25 29 32 28 31 31 28 37 32 28 30 26 27 25 27 20 18 25 29 30 22 19 24 27 29 38 40 41 40 31 28 25 30 24 24 17 22 25 27 41 31 29 24 25 26 19 22 20 24 25 27 24 28 24 25 27 23 26 24 28 29 33 31 24 21 30 29 29 31 27 22 21 23 21 22 23 34
0 14 27 27 22 25 35 31 30 37 26 20 24 30 29 28 23 28 22 25 27 24 28 25 22 29 23 22 25 31 22 23 24 19 18 20 25 26 29 23 25 39 32 28 27 35 26 28 23 30 30 19 25 22 32 29 24 33 24 25 21 32 30 20 29 26 17 25 21 23 26 21 30 19 22 26 27 32 27 28 26 32 33 39 36 23 24 19 29 24 15 22 30 31 28 34 26 28 25 17 26
0 10 15 25 20 23 14 19 25 31 33 29 20 21 25 27 25 29 25 24 22 29 28 31 29 33 25 26 25 25 26 18 23 24 20 20 28 32 27 27 27 30 14 16 24 23 24 29 27 27 27 21 21 16 21 32 26 26 25 27 31 28 24 27 33 30 28 29 27 28 30 29 23 24 16 19 24 31 23 29 30 33 35 25 26 23 23 22 28 24 24 26 28 28 23 22 31 22 20 20 28
0 10 18 25 29 23 26 16 20 20 23 29 34 32 30 29 31 25 16 20 26 24 25 25 23 25 30 24 30 26 26 20 24 22 26 25 29 26 25 20 18 26 27 21 16 25 24 19 24 25 27 25 20 21 18 23 34 26 28 26 25 30 29 27 23 25 19 22 23 22 27 27 24 23 23 29 30 29 32 24 26 23 25 34 23 26 31 31 22 25 22 17 25 25 26 23 32 27 23 20 21
0 10 15 16 20 22 21 22 20 21 25 20 20 24 23 27 27 22 21 27 21 19 23 16 19 30 22 23 23 26 29 27 22 25 24 23 22 30 24 22 33 24 24 26 31 28 23 32 24 20 24 24 23 24 22 26 25 26 26 19 30 23 21 23 27 15 27 20 30 28 20 29 30 33 28 27 20 20 24 18 22 23 21 29 23 28 26 25 28 22 28 19 27 23 22 21 21 26 26 23 27
3 6 10 12 16 13 17 13 16 12 14 9 17 14 16 15 20 21 22 16 14 10 11 11 14 16 15 16 21 13 4 8 12 14 16 16 13 16 19 12 11 17 19 16 14 18 25 14 18 16 16 14 15 11 10 9 17 16 16 14 13 12 15 21 15 14 15 16 20 19 13 16 12 15 13 16 12 8 10 8 14 10 18 19 18 18 24 20 14 13 17 17 12 10 14 11 9 12 12 14 12
0 10 16 14 15 18 17 14 6 16 17 11 14 19 23 25 21 14 7 10 9 16 12 16 19 18 15 15 14 15 20 15 13 16 21 19 19 16 12 14 14 16 18 13 13 15 18 16 14 17 16 17 14 11 16 17 13 16 13 9 12 17 10 19 13 11 16 13 10 8 12 14 16 14 14 16 16 11 13 13 14 15 18 14 15 16 16 23 18 17 14 14 12 19 17 13 15 11 17 11 15
2 5 16 14 14 19 15 14 15 9 12 15 18 16 17 14 18 21 13 15 18 16 13 20 22 20 19 16 14 17 16 22 18 20 16 16 11 16 13 14 18 15 15 13 16 17 14 14 15 15 15 20 20 17 14 15 15 16 16 17 15 17 16 14 11 19 19 21 20 17 16 18 16 13 6 8 10 11 15 21 17 21 21 20 13 14 18 12 14 15 16 15 15 15 20 22 16 17 14 17 11
0 18 31 42 40 38 40 37 44 44 38 47 34 41 34 25 36 34 37 39 45 43 41 42 35 42 31 25 27 32 43 38 42 47 36 27 52 45 38 42 50 40 40 37 44 40 42 34 33 37 38 34 32 38 36 37 35 43 34 35 39 35 35 29 34 42 45 41 35 36 38 37 31 37 34 38 32 47 40 33 42 44 35 36 48 42 42 36 40 41 48 49 55 45 38 44 42 42 41 39 41
0 17 31 32 42 44 40 37 42 34 44 35 31 35 28 30 48 58 41 39 39 37 45 43 39 48 45 40 45 39 43 44 33 41 47 52 37 38 35 33 41 40 39 41 39 42 38 45 46 45 43 37 43 44 42 39 42 39 34 37 36 31 32 33 37 42 47 36 43 35 39 45 39 44 41 43 41 49 46 43 49 39 46 36 38 44 35 42 41 43 39 42 32 40 45 56 49 51 42 28 41
2 17 26 39 46 35 40 39 28 38 31 29 31 35 30 36 39 40 37 36 36 41 38 41 37 39 39 35 37 37 37 38 37 35 36 36 32 33 36 37 41 44 45 50 42 40 45 42 35 36 33 31 34 44 46 43 40 40 43 46 44 44 44 43 36 35 38 41 37 41 38 38 34 40 30 41 41 50 46 46 49 47 48 43 40 37 43 45 44 32 43 42 41 36 32 36 35 41 42 37 29
2 24 41 53 41 56 43 47 55 58 48 37 46 50 44 51 39 49 50 45 45 46 51 56 52 51 62 58 53 48 39 45 46 52 54 54 48 45 46 50 50 48 38 48 53 50 49 49 50 54 56 64 54 50 50 47 49 50 46 54 65 53 46 47 48 48 42 58 55 53 52 53 52 47 37 39 39 52 51 52 50 53 50 54 65 47 47 45 51 58 58 59 43 47 57 55 53 46 52 52 48
2 18 38 46 56 51 44 54 38 51 41 42 49 40 45 50 44 41 46 44 49 47 47 43 51 50 39 49 49 47 50 49 50 44 45 42 49 55 51 57 59 53 63 50 54 62 46 40 54 58 50 46 43 47 48 44 52 49 43 42 46 50 52 57 46 44 55 44 45 57 41 57 57 49 59 53 44 47 57 49 53 55 60 61 52 50 53 53 51 51 48 38 46 46 35 46 52 48 46 48 42
1 15 21 38 40 30 40 47 37 58 55 46 40 51 48 57 69 56 50 54 53 52 43 49 44 45 48 56 53 53 50 62 58 50 45 52 55 59 58 58 52 44 50 46 51 53 52 54 38 39 47 45 54 55 52 50 47 46 49 46 43 43 49 50 48 53 50 46 53 50 49 56 64 56 55 49 38 54 45 47 56 50 45 51 47 50 48 44 48 50 56 39 49 47 46 43 54 42 41 41 44
0 1 6 6 6 5 6 2 6 5 9 7 4 6 6 6 4 2 4 7 3 4 5 5 5 5 2 3 5 3 8 7 8 5 6 3 3 4 4 5 4 5 3 4 3 5 7 7 5 6 4 2 9 4 3 3 3 2 5 6 4 3 4 6 5 7 4 8 4 4 6 3 4 4 6 8 6 5 5 4 6 6 5 7 6 7 9 8 7 11 7 4 6 9 4 6 5 5 3 2 4
0 0 3 1 4 4 5 5 4 2 1 2 6 4 3 2 4 5 3 5 2 1 3 3 6 8 6 8 11 7 7 8 6 6 3 2 8 2 3 3 1 5 8 7 11 11 6 6 8 4 6 5 4 2 2 5 6 3 4 2 5 2 5 8 6 5 9 9 8 6 4 4 5 8 7 6 4 4 7 4 3 6 9 5 3 4 3 3 3 1 3 4 5 5 3 4 5 6 7 7 6
0 1 6 8 6 7 4 5 4 4 5 3 2 4 5 7 5 6 5 6 6 2 4 8 5 5 4 1 2 4 4 4 2 1 0 1 4 5 5 5 5 4 6 8 8 9 8 6 4 7 6 4 3 6 5 9 5 5 5 3 7 5 12 4 2 2 5 7 3 5 3 5 2 1 9 7 3 3 2 3 3 3 2 4 3 6 3 4 5 6 5 5 6 3 5 4 6 3 4 3 3
0 7 11 13 11 14 12 11 6 12 12 13 14 13 12 9 14 8 12 9 10 10 7 14 12 12 17 13 17 11 14 14 15 11 12 16 14 15 14 14 11 15 13 15 17 17 9 12 9 13 18 19 18 16 13 16 12 20 15 10 19 10 10 12 13 10 11 9 9 9 13 12 12 11 17 13 13 11 10 9 7 11 9 14 19 12 12 13 10 11 13 14 10 10 9 12 18 13 10 8 8
0 6 7 8 11 11 12 11 11 12 12 19 17 15 16 16 18 12 14 16 13 13 17 16 12 10 9 13 16 9 17 15 15 14 13 11 10 9 8 12 16 12 15 18 10 12 12 11 14 10 17 15 10 10 12 13 11 13 14 14 14 11 10 13 8 7 14 14 9 11 12 14 11 14 14 14 12 12 12 8 15 17 19 15 12 8 8 6 8 14 15 11 12 10 16 18 14 13 13 10 9
0 2 10 7 10 10 15 11 11 13 11 11 12 10 11 12 11 9 14 17 15 16 16 13 13 15 8 6 15 10 13 10 13 11 14 12 14 13 15 8 6 6 14 13 14 15 9 15 17 13 10 15 8 9 12 10 12 10 11 10 11 18 17 15 21 12 22 21 17 15 22 12 14 14 11 15 13 10 11 13 14 12 7 12 11 9 13 14 16 11 12 12 5 13 7 7 8 7 8 11 13
1 2 8 9 5 10 7 8 8 6 7 8 6 7 8 7 9 7 7 8 12 16 15 14 10 10 10 9 9 8 10 7 12 13 8 6 9 6 11 10 11 5 6 9 13 10 3 3 8 11 16 9 10 10 10 4 4 4 6 7 10 11 9 6 12 10 9 11 18 10 11 10 12 12 14 10 9 12 13 8 8 7 10 10 8 5 3 13 15 15 7 11 14 9 15 14 7 8 8 11 13
0 2 6 5 10 10 10 12 11 12 12 13 9 11 9 10 7 7 12 8 5 9 4 5 10 10 6 8 5 12 10 7 9 9 9 11 11 11 10 11 19 13 8 9 12 8 8 13 10 7 9 13 11 5 6 8 11 9 7 12 7 15 13 10 12 13 8 8 9 12 8 13 7 10 10 9 10 14 16 13 6 9 12 6 12 12 11 10 17 16 12 13 8 11 9 11 14 10 10 8 5
1 9 11 7 9 11 8 9 4 4 6 6 9 9 8 8 11 11 8 10 12 11 6 9 11 9 11 10 7 8 8 8 8 7 10 10 11 11 12 9 8 8 7 7 7 10 9 13 16 12 7 6 9 10 13 17 11 10 12 5 5 8 9 7 12 8 9 11 15 18 18 15 13 9 12 12 8 7 10 10 14 9 10 10 7 9 7 13 5 7 8 10 16 10 7 13 10 10 9 5 9
1 11 14 9 14 14 20 20 18 14 20 15 15 18 13 15 19 24 26 20 15 18 19 20 16 19 15 18 18 8 12 17 20 15 11 14 17 20 20 21 22 19 22 17 16 14 15 16 16 11 21 21 16 20 17 16 17 13 11 10 11 14 9 14 16 17 26 15 17 17 14 26 15 20 18 17 17 17 16 21 23 20 12 13 16 15 15 20 14 17 13 13 15 14 21 19 16 21 16 14 9
0 4 11 8 13 18 21 21 22 17 18 15 11 18 15 19 19 22 20 16 13 13 13 14 21 19 14 11 18 13 10 16 16 13 15 18 19 17 15 15 17 10 14 12 13 19 21 19 9 15 23 18 19 19 19 18 16 24 24 26 23 21 22 19 19 22 18 19 13 17 19 19 18 20 17 18 14 11 10 13 14 18 16 15 16 19 21 19 21 19 12 28 22 18 18 21 17 12 16 12 19
0 5 8 15 19 16 19 19 16 11 15 17 16 15 17 23 12 16 17 14 19 24 16 16 18 16 14 16 15 16 15 13 18 23 15 15 14 14 18 18 19 13 11 17 15 16 15 16 15 15 23 19 17 16 21 17 14 15 18 22 15 20 15 22 24 15 20 14 5 12 18 19 16 15 13 10 12 7 10 14 18 12 8 16 14 14 18 22 15 24 19 16 13 16 16 15 16 15 17 18 13
3 24 49 43 51 53 55 53 51 60 62 65 69 64 61 69 60 61 59 51 53 63 72 68 57 60 52 61 55 61 51 65 57 69 67 59 55 61 56 57 57 56 62 63 64 64 60 58 60 62 54 57 67 54 54 57 58 61 71 62 66 52 57 54 44 55 54 54 58 62 64 61 53 56 51 69 73 74 67 65 58 64 60 59 65 54 54 60 54 55 66 58 59 62 51 60 67 64 64 60 54
3 24 43 45 56 63 58 62 61 49 59 51 60 56 67 62 53 54 63 76 68 56 55 56 64 51 64 72 55 52 56 50 54 66 61 54 58 52 56 59 56 57 58 62 49 46 60 70 54 64 56 67 63 60 59 58 59 55 56 64 53 63 65 64 66 73 62 60 59 51 59 69 65 68 68 64 68 56 57 58 59 58 69 65 70 67 80 78 65 58 53 50 59 47 61 68 64 57 61 67 53
4 23 33 60 59 71 65 60 53 50 60 59 59 50 55 51 54 63 58 58 59 57 58 61 61 59 56 64 53 58 67 62 56 47 54 51 52 54 50 58 53 59 57 62 60 61 64 49 58 74 66 68 57 54 59 66 57 56 57 54 57 58 56 67 64 60 56 62 57 55 56 53 56 62 62 57 65 69 59 58 56 55 68 68 59 58 64 62 62 55 64 58 64 59 58 59 56 51 48 67 60
0 4 4 5 6 3 3 4 2 4 1 5 2 5 8 5 2 3 2 4 1 5 4 4 1 1 3 4 6 6 5 4 3 7 3 4 4 4 5 4 4 3 5 2 3 2 4 2 2 3 3 4 3 4 2 2 2 5 5 4 4 8 4 1 2 2 2 3 3 4 3 3 3 1 4 4 2 6 4 5 4 3 1 0 2 4 4 5 3 3 3 3 5 6 5 4 3 4 6 4 3
0 1 2 5 6 4 6 8 4 4 4 2 5 4 3 6 2 2 3 4 5 8 6 3 4 5 3 8 9 9 5 2 3 3 1 1 0 0 4 4 1 2 2 1 3 4 5 3 2 3 4 5 2 4 3 4 3 3 4 2 3 1 5 3 2 2 5 4 4 4 5 6 6 3 3 3 4 5 5 4 3 3 1 3 3 7 4 4 5 1 1 2 4 5 5 4 3 2 3 5 3
0 0 2 2 4 1 2 2 2 2 8 7 5 3 2 5 4 5 3 4 3 5 3 5 5 3 7 4 5 4 4 4 6 3 5 5 4 3 2 4 3 2 3 2 2 3 4 4 2 4 4 3 5 2 3 4 2 1 2 2 3 1 2 5 3 3 5 3 6 3 3 4 4 0 3 4 4 6 4 4 5 8 8 2 3 5 3 0 2 5 4 6 7 5 4 3 2 5 4 2 2
0 12 29 36 43 44 41 49 47 45 42 42 48 47 43 40 49 48 50 49 49 38 43 38 39 43 43 36 39 37 42 46 42 34 41 41 33 45 39 38 44 57 47 50 49 43 40 38 34 42 49 48 34 45 46 48 58 52 49 43 44 36 41 51 48 43 35 44 51 42 41 47 51 50 49 46 50 49 43 42 41 39 38 43 40 49 38 39 41 48 47 52 43 36 37 45 38 35 44 39 40
1 21 28 32 55 50 50 46 51 57 49 43 47 48 46 48 43 46 44 53 47 44 38 48 53 48 50 43 49 43 46 45 40 44 45 45 44 44 39 34 36 47 40 48 41 41 38 51 44 49 39 34 26 35 40 39 37 41 46 63 49 45 47 46 45 37 41 41 45 39 39 50 47 42 42 54 31 39 41 46 36 39 37 21 32 41 48 44 41 40 32 38 45 50 45 41 42 38 47 31 43
1 12 33 38 45 43 45 44 48 46 51 46 34 44 52 52 52 44 47 41 33 32 33 38 50 53 43 47 54 49 43 45 52 43 45 36 31 35 32 42 44 36 45 39 41 55 52 41 34 37 37 37 48 45 49 44 34 34 31 31 36 38 39 38 39 32 39 38 46 46 41 39 45 37 38 38 41 45 40 45 44 42 37 36 45 34 36 42 41 45 41 49 47 37 45 37 49 39 53 56 43
0 6 6 10 7 7 10 10 9 11 14 14 12 13 12 9 9 11 12 10 10 11 12 12 13 10 13 10 9 7 9 14 19 13 4 5 4 6 9 6 9 7 11 7 7 8 11 9 10 11 17 12 13 14 10 11 12 10 10 14 15 8 12 8 8 6 7 8 4 5 8 14 15 13 13 12 6 11 10 9 13 11 11 12 11 12 10 8 11 14 8 8 13 7 12 8 8 8 8 12 7
1 2 8 8 12 8 8 9 8 9 10 12 16 16 13 15 14 9 11 13 11 9 11 9 16 16 13 11 12 9 11 10 11 12 6 10 8 12 14 16 6 10 6 11 13 12 12 14 10 11 10 10 14 11 12 13 17 15 15 13 12 11 8 5 9 12 9 12 14 14 17 13 7 4 8 9 4 6 6 5 8 12 8 9 8 4 8 6 7 7 6 11 10 8 12 9 12 10 13 12 12
0 5 6 5 9 11 10 9 8 6 10 10 9 10 13 11 7 8 12 13 11 9 12 6 10 9 9 10 9 10 13 10 8 7 13 9 12 12 7 9 9 11 9 10 9 4 8 6 6 12 13 14 10 9 12 12 12 11 5 12 10 9 8 10 17 11 10 11 15 12 16 15 14 11 10 6 10 9 13 14 13 16 10 15 9 12 10 12 13 9 12 10 11 5 5 5 7 14 11 12 9
0 3 19 23 19 23 23 25 27 23 24 22 21 19 26 21 15 26 24 22 21 26 18 17 24 19 15 20 27 22 20 22 23 20 15 19 21 21 20 21 23 22 19 25 26 30 27 28 23 21 22 21 23 23 35 27 22 21 23 26 22 21 17 20 21 20 25 22 18 26 22 20 26 29 27 24 22 26 25 26 22 28 25 24 20 22 24 24 24 22 20 33 22 17 17 18 22 22 16 25 20
1 7 18 17 24 31 26 26 21 18 25 26 24 20 24 24 27 31 29 29 23 28 23 23 23 23 26 27 25 28 22 19 20 22 25 18 18 23 29 20 19 20 25 25 19 21 25 17 16 24 17 29 21 26 22 29 32 31 23 23 27 23 35 31 22 17 25 25 26 28 22 17 23 26 22 30 26 28 19 27 25 26 31 27 29 27 26 25 27 25 31 23 20 21 18 23 29 24 23 19 20
1 8 14 14 21 31 31 31 23 25 26 25 25 17 18 24 26 19 27 23 22 21 24 26 24 21 19 19 27 26 26 25 29 21 16 21 19 22 16 19 20 15 22 22 15 24 20 26 23 27 27 19 12 17 25 16 18 20 18 15 20 26 23 23 27 28 25 18 16 26 24 27 21 19 25 23 21 22 20 22 18 19 26 21 19 22 28 21 20 22 23 26 29 30 27 29 20 24 26 31 21
1 0 2 5 7 4 4 4 4 2 4 2 1 2 2 4 7 6 5 3 1 4 5 10 6 3 4 7 4 2 2 2 4 1 2 3 6 8 5 3 5 4 3 1 5 5 1 1 2 4 3 5 4 4 2 1 3 8 4 4 1 4 6 3 5 6 7 4 7 5 4 4 3 4 5 4 5 3 2 2 3 4 5 4 2 2 2 1 1 4 4 6 3 1 4 6 5 5 3 1 3
0 2 4 5 2 5 7 4 6 7 6 3 4 3 5 7 6 6 2 4 2 6 5 6 6 3 4 5 7 4 0 7 6 4 2 4 4 3 4 4 5 5 3 3 6 6 8 5 2 6 4 2 4 3 2 5 6 4 5 6 7 4 7 2 2 0 3 3 3 1 5 1 3 3 4 5 3 1 2 2 3 4 1 2 5 5 4 4 3 7 2 4 5 2 2 1 0 2 4 4 3
0 2 2 3 3 5 6 2 2 5 5 4 4 2 3 4 2 5 5 6 7 4 7 5 4 3 3 2 2 3 2 3 6 9 3 5 4 5 2 2 2 0 1 0 2 4 2 3 3 3 2 3 3 3 2 4 4 1 3 3 1 1 3 3 4 3 2 4 3 3 4 2 2 2 4 5 3 3 2 2 1 5 4 3 4 5 3 4 0 2 1 3 4 5 5 5 3 2 3 3 6
0 16 26 33 36 40 45 49 49 53 43 54 43 61 56 58 40 44 47 54 44 45 53 45 48 43 49 39 47 54 46 41 39 45 48 43 31 39 51 49 57 40 41 43 45 49 38 47 52 33 42 52 41 41 52 53 52 43 45 46 51 40 43 50 53 47 48 55 56 43 50 55 58 47 51 38 49 50 45 37 33 35 40 46 43 42 45 45 44 38 41 48 50 46 41 33 37 48 48 54 54
1 18 29 39 32 43 43 43 42 46 47 50 50 42 50 44 40 48 56 44 49 52 43 51 46 51 45 51 45 54 50 46 47 53 45 55 45 45 49 46 46 41 49 46 50 40 40 51 44 45 37 35 50 52 54 49 39 43 45 44 49 51 38 39 48 46 44 36 38 36 42 41 36 52 58 49 48 45 41 49 45 55 47 40 52 40 47 44 46 46 38 42 33 47 44 51 51 44 42 35 45
3 13 29 39 40 45 49 42 33 36 36 47 48 45 47 52 52 45 50 44 35 48 48 49 34 44 40 37 44 52 53 56 55 48 45 44 47 45 49 50 47 48 48 42 44 44 53 44 47 35 46 45 41 43 47 47 55 51 43 38 46 39 46 36 37 48 53 55 57 54 53 45 39 55 61 52 39 52 54 49 38 46 36 44 45 38 45 44 54 48 37 43 41 44 46 44 41 47 41 49 47
0 10 22 36 30 29 32 35 33 37 35 33 25 28 20 22 26 27 26 29 29 33 32 29 30 34 41 31 32 28 25 28 22 27 35 30 30 27 27 33 28 29 27 23 27 30 41 30 32 27 28 28 30 30 31 24 23 28 23 34 23 26 27 33 37 25 31 24 28 27 29 33 38 39 25 24 21 21 27 33 28 37 41 37 30 33 29 29 30 29 31 26 27 30 27 28 23 27 23 18 21
0 10 24 24 34 33 32 38 29 28 33 31 32 38 35 29 30 35 30 35 34 32 33 33 33 22 26 31 27 32 31 25 29 28 36 35 30 16 18 30 31 33 32 29 33 22 20 28 25 27 26 25 22 26 27 27 25 24 25 24 20 26 24 26 24 19 18 17 22 24 28 31 28 27 34 25 22 24 26 29 32 28 30 23 20 26 29 31 33 29 33 26 23 25 32 37 32 29 25 28 26
1 11 22 29 24 23 32 31 23 28 21 25 30 31 28 22 27 31 25 32 27 23 24 25 28 35 28 29 23 26 26 21 23 25 29 23 28 24 18 28 28 30 32 30 26 25 28 28 33 31 27 24 25 23 37 39 35 28 24 21 27 30 31 24 21 18 32 30 28 24 32 33 37 31 23 23 24 21 27 27 24 20 22 24 19 20 25 30 22 25 30 35 35 30 19 21 20 30 25 31 32
1 5 20 32 31 30 26 26 31 39 33 29 34 34 33 35 33 28 32 24 25 23 21 26 22 24 26 33 22 21 31 29 32 25 21 30 30 28 30 27 20 27 23 28 26 28 23 27 22 33 31 31 26 31 31 34 23 19 26 26 34 34 25 32 31 26 30 30 26 21 29 24 23 25 29 21 36 38 32 29 24 25 35 42 32 30 35 30 30 30 29 32 27 26 27 24 16 18 22 30 29
1 13 22 21 31 22 26 29 24 27 25 23 25 23 35 36 32 26 24 24 35 29 33 24 25 29 34 32 30 35 30 29 25 22 25 27 23 30 24 34 30 25 27 30 32 36 33 26 25 25 29 27 20 30 37 32 26 29 27 26 24 20 28 27 21 25 31 24 22 37 29 28 30 26 25 26 24 28 28 23 26 23 24 24 26 25 28 21 30 28 24 33 33 32 31 28 27 26 27 28 28
1 16 17 26 29 34 28 26 23 28 25 21 29 26 27 28 27 28 29 34 32 25 23 23 27 21 20 23 21 20 29 24 26 24 22 21 27 33 30 23 24 29 29 18 17 22 23 32 30 25 36 27 21 33 31 29 31 27 28 24 29 28 33 33 34 26 25 27 19 22 25 23 27 23 15 22 24 23 31 24 29 20 20 26 29 26 27 25 23 23 26 32 23 26 30 29 34 37 32 25 24
1 16 31 39 47 41 38 37 41 39 35 36 35 41 41 44 45 50 43 57 55 52 48 35 36 35 43 38 40 43 50 55 51 51 45 43 31 39 41 41 44 42 45 43 54 32 30 41 47 49 37 42 49 47 53 45 44 33 38 33 44 48 49 49 52 45 53 44 43 40 51 51 41 48 49 49 48 50 54 41 49 59 48 41 52 57 42 43 37 41 49 56 43 47 36 44 43 57 52 45 54
2 23 32 38 48 49 48 44 55 48 43 34 37 40 35 36 46 54 39 48 47 49 52 62 56 40 58 32 38 39 45 35 37 45 43 39 48 50 47 49 53 51 45 39 36 44 49 39 36 49 40 50 44 41 43 43 44 40 46 48 45 45 51 52 48 44 54 48 39 51 55 42 47 46 41 46 51 45 47 48 40 38 45 40 36 39 47 37 47 45 44 46 54 48 47 41 36 34 39 44 39
3 13 31 44 42 44 45 52 58 46 43 40 46 42 51 47 38 49 48 53 48 43 43 40 35 35 35 39 42 39 38 41 40 30 40 46 46 39 42 48 51 33 41 38 47 46 39 43 42 42 40 44 53 50 43 35 35 41 41 41 52 49 45 37 35 40 36 36 41 48 49 47 40 45 30 31 41 44 43 50 44 49 38 47 37 48 40 48 35 36 34 53 53 41 46 45 37 47 34 41 41
1 15 32 41 47 47 51 52 53 51 50 45 47 51 40 29 33 32 41 35 40 47 49 38 46 46 34 42 44 48 40 42 46 42 50 45 35 41 46 50 40 37 38 48 40 42 44 41 42 40 34 38 45 48 51 39 38 48 43 49 42 44 41 49 39 35 37 42 40 40 47 42 53 43 41 40 42 55 52 49 35 31 43 45 34 34 32 32 35 53 48 38 40 48 43 48 37 42 45 51 52
0 26 33 39 35 49 41 49 55 54 46 53 45 55 40 46 47 44 40 49 54 51 45 51 49 47 50 38 38 41 29 38 37 47 54 54 42 39 44 48 50 43 46 48 48 53 44 43 51 42 46 49 56 46 47 39 48 44 54 53 43 41 52 50 48 54 54 59 45 49 51 44 47 46 46 51 49 51 48 45 47 45 58 51 50 46 50 40 55 55 47 46 38 46 53 47 43 37 43 45 51
2 19 26 45 43 51 38 34 32 36 47 51 52 50 36 48 46 47 43 47 44 38 37 47 48 46 37 38 38 51 42 46 48 48 47 45 49 53 48 45 44 30 34 35 40 41 38 39 50 52 52 49 41 38 51 45 52 42 41 40 40 38 42 37 34 38 38 41 38 43 43 35 45 48 33 40 50 46 45 35 38 39 40 42 42 37 43 49 54 48 46 43 49 52 37 41 59 53 44 43 39
1 10 19 32 38 40 44 30 32 34 33 32 35 33 29 27 32 28 35 32 37 33 26 30 32 37 35 33 38 33 29 34 41 41 47 36 38 25 27 30 30 32 29 32 22 32 27 28 35 29 40 37 30 34 35 39 38 35 33 37 30 28 26 36 36 34 27 26 39 30 37 34 37 32 30 28 33 30 30 31 21 22 24 32 31 26 35 30 27 35 31 28 27 28 35 32 24 26 27 39 40
0 14 23 24 34 42 34 37 38 38 41 30 27 29 31 39 37 32 36 35 31 29 28 37 36 35 30 30 26 32 32 33 34 29 25 33 33 25 25 25 20 20 29 32 28 28 30 31 32 31 29 28 35 33 30 25 26 28 29 28 29 29 32 30 27 28 33 36 30 27 36 42 32 34 31 26 34 30 32 23 30 30 40 34 30 27 28 20 27 33 42 36 37 33 34 31 31 33 32 29 35
2 11 21 22 30 32 31 33 23 28 33 31 31 32 30 21 31 42 33 31 31 33 29 33 28 28 31 24 27 29 28 29 28 38 29 29 31 28 34 25 35 27 29 31 27 35 40 29 33 31 26 37 40 30 33 27 33 34 36 28 29 36 34 25 31 38 37 28 37 43 44 37 34 35 41 34 31 37 35 27 30 32 26 32 25 26 25 25 26 25 28 31 26 33 27 22 22 26 24 27 37
4 26 47 63 77 72 67 53 61 62 63 63 67 60 61 68 69 57 68 74 68 51 62 57 63 69 66 67 74 72 71 70 60 64 63 65 68 65 63 72 61 70 83 78 67 61 64 72 75 68 70 65 70 76 63 67 59 54 62 63 60 68 74 69 72 66 82 65 65 73 70 73 67 77 61 59 74 85 71 67 84 84 67 61 69 66 63 64 61 61 62 60 61 66 51 67 72 63 58 66 70
3 23 45 55 64 61 75 86 65 78 68 63 70 67 64 59 69 80 72 69 74 64 73 78 85 78 68 68 67 58 52 52 62 69 64 71 70 67 80 63 68 66 59 74 69 70 79 78 70 65 64 69 67 65 60 62 57 70 78 71 59 65 72 60 63 65 67 71 75 68 77 81 77 73 65 66 58 63 65 74 72 65 65 67 80 78 73 76 56 58 70 80 82 67 57 62 63 56 71 64 67
2 23 42 49 50 49 62 58 67 79 71 66 52 40 42 63 67 80 71 69 69 70 75 76 80 64 71 68 68 64 62 64 70 72 75 78 74 74 67 60 58 54 55 60 82 66 76 68 77 69 64 64 70 72 59 56 58 60 74 70 69 58 62 65 53 74 68 66 59 67 61 67 69 60 60 65 56 46 62 74 59 60 62 63 67 67 62 67 57 50 63 71 77 68 70 73 60 73 72 80 72
0 20 30 32 32 37 41 32 37 48 33 41 45 38 36 49 41 35 33 39 40 36 42 35 32 31 39 39 48 40 34 38 43 40 40 42 44 38 33 31 31 28 32 35 42 44 42 38 41 41 36 41 43 37 39 46 42 46 39 30 33 27 33 35 43 46 39 28 36 38 40 43 45 48 34 40 44 41 38 35 40 36 35 47 44 43 44 42 46 46 45 33 28 49 46 34 31 36 32 33 41
4 20 32 28 30 32 41 42 48 44 41 40 41 37 36 44 42 40 39 44 37 41 35 40 39 37 34 29 41 41 53 48 43 33 43 41 47 44 43 44 41 41 51 49 49 41 34 35 32 39 38 32 29 42 43 43 35 45 41 41 39 33 37 31 43 47 37 36 43 44 34 41 45 48 46 46 44 37 33 45 43 35 32 31 46 39 38 39 34 33 39 32 33 40 36 42 42 37 38 42 44
2 18 31 38 42 34 42 44 27 35 42 38 36 38 34 33 43 37 29 33 39 43 49 40 29 32 35 35 27 34 36 34 43 39 45 43 42 44 36 35 33 38 31 39 44 49 45 38 38 45 45 45 45 48 36 46 38 43 49 38 42 37 33 36 42 37 33 39 42 30 35 36 39 42 42 36 34 38 42 37 39 32 44 48 42 36 40 38 36 43 37 38 41 50 41 43 39 37 40 39 41
2 16 32 42 51 51 46 50 51 49 44 46 40 45 47 43 47 43 43 51 51 58 49 47 38 41 44 35 40 36 38 45 51 32 46 40 46 50 51 46 54 51 42 41 43 46 54 55 49 43 46 44 52 51 46 54 64 48 56 47 43 57 57 50 65 48 53 48 45 43 42 53 43 48 40 38 41 40 39 36 44 38 38 52 42 44 42 46 39 44 50 46 45 31 44 41 47 42 38 41 47
2 16 35 44 58 42 42 47 42 50 45 45 53 51 58 55 45 42 49 40 48 49 54 59 57 41 40 49 52 53 46 50 43 49 38 37 38 55 42 40 48 48 46 48 53 52 50 46 45 44 52 41 55 52 49 47 48 50 46 47 43 42 42 46 53 45 49 47 43 41 35 49 49 47 43 43 41 49 45 49 48 39 47 44 50 55 39 44 46 44 37 33 43 49 49 50 46 48 48 36 34
6 21 43 49 44 40 38 37 46 49 43 43 35 44 42 45 52 46 54 48 45 43 45 44 53 54 56 59 59 58 47 39 35 42 38 48 47 42 45 33 51 47 36 44 39 38 46 47 44 37 38 43 48 47 47 48 40 50 39 48 57 48 49 49 48 43 48 45 51 47 50 52 42 45 52 45 40 34 51 44 38 45 39 42 47 47 44 44 39 36 41 50 52 37 49 39 46 49 55 45 43
0 16 29 42 37 39 51 40 34 45 40 46 39 42 41 46 48 45 46 45 39 51 45 45 42 39 38 42 55 54 49 49 50 45 54 51 45 39 47 56 38 52 48 47 44 57 51 47 35 59 41 49 47 42 50 49 48 46 38 46 44 43 43 44 49 41 35 54 49 46 47 53 50 50 47 46 51 42 43 39 50 56 53 53 45 32 39 43 52 41 49 43 39 39 39 52 49 54 39 42 49
2 21 27 39 48 39 45 43 49 46 44 52 44 41 46 45 42 51 40 48 48 44 56 51 51 50 46 44 46 41 44 46 41 40 42 51 47 52 49 47 31 32 42 52 60 56 50 58 40 47 44 49 46 50 47 52 51 50 57 56 49 53 54 45 42 50 54 48 48 41 37 52 37 39 50 46 37 36 45 40 50 48 47 47 40 52 54 58 58 55 48 47 45 40 38 49 43 42 32 35 36
1 21 38 48 45 44 41 45 45 43 39 36 45 49 52 47 44 38 56 54 51 50 48 45 46 39 46 41 37 35 36 35 47 46 38 42 44 45 48 44 40 38 35 32 35 42 45 35 41 44 40 35 26 39 36 41 50 48 54 45 56 47 43 49 48 54 48 45 44 38 51 47 46 40 39 38 45 45 39 57 55 50 57 62 58 50 49 45 44 38 44 40 49 49 48 46 43 49 40 50 44
1 15 20 23 16 22 34 35 26 34 35 26 31 39 33 25 25 21 23 29 29 28 25 25 30 18 17 16 24 27 25 38 32 24 22 22 28 32 32 37 32 33 36 37 28 29 27 29 38 40 34 34 35 26 32 26 32 24 27 28 37 35 24 22 20 22 27 25 23 23 28 32 30 24 22 30 26 34 27 31 34 29 34 33 33 31 29 39 32 25 28 33 28 32 31 26 33 32 39 38 36
2 9 14 22 29 24 30 29 30 31 28 36 32 31 33 33 33 31 36 41 40 33 33 32 36 27 31 28 36 40 33 28 28 41 29 32 24 26 33 32 35 38 39 34 24 28 23 25 33 28 28 31 29 29 28 30 25 30 30 30 36 30 26 28 24 29 25 25 24 23 25 23 32 38 36 40 44 29 33 28 28 26 17 24 27 27 22 29 29 25 26 26 32 30 27 22 24 32 31 29 27
0 11 24 26 34 33 33 30 42 33 31 28 31 32 26 26 19 27 25 28 41 28 27 25 28 23 23 26 26 31 27 30 28 22 21 25 27 36 35 31 32 34 35 38 32 34 37 29 29 28 31 33 23 35 28 28 30 27 24 25 28 24 23 28 32 29 35 29 34 25 26 28 24 30 24 24 26 24 35 27 35 41 26 28 26 32 29 25 23 29 28 33 35 35 36 32 25 29 28 27 23
1 8 21 26 28 33 34 36 37 30 35 30 29 30 35 30 33 31 33 32 36 26 21 25 34 32 36 33 29 35 40 31 31 36 35 29 42 33 23 37 29 27 26 31 30 28 25 27 33 32 36 31 28 33 35 25 25 23 36 38 37 38 31 23 20 28 35 26 28 31 33 32 34 32 30 35 39 36 34 34 30 36 34 38 23 33 37 47 33 36 32 41 41 33 24 32 39 37 29 25 28
2 16 29 26 32 31 28 27 30 34 32 28 34 29 31 36 25 30 36 32 48 31 28 28 29 33 34 33 33 23 27 26 34 31 30 31 38 29 39 28 25 26 24 36 35 28 27 36 32 38 34 32 32 35 25 31 33 33 27 35 32 25 22 25 30 31 41 33 36 39 31 30 33 33 27 29 24 40 42 35 33 31 28 25 27 23 23 34 28 36 41 37 32 31 30 28 32 37 30 28 35
4 13 22 31 33 33 27 30 29 26 31 35 26 27 33 32 26 31 28 30 24 20 15 26 28 34 38 30 28 26 29 30 21 29 28 28 24 31 28 30 20 31 26 26 28 23 26 30 24 26 36 36 29 32 36 34 35 26 34 31 37 26 27 27 28 31 31 32 34 31 31 32 29 26 26 34 35 29 40 36 29 38 36 32 30 27 29 30 34 38 29 27 31 24 21 26 33 33 37 33 29
3 15 29 43 38 49 42 40 40 46 46 47 44 37 44 36 40 40 31 43 41 42 41 46 43 40 48 47 44 45 46 51 42 38 47 40 41 45 42 44 36 44 43 38 57 50 51 54 55 41 42 45 36 38 45 48 48 49 34 33 51 47 41 40 41 50 50 48 40 43 50 46 45 46 46 39 39 40 44 41 41 46 43 50 41 40 46 47 45 46 49 45 49 44 41 44 47 41 41 47 41
0 22 34 43 49 56 50 50 46 48 49 45 54 49 43 44 46 40 37 51 56 41 53 48 41 51 46 43 42 46 42 41 42 45 40 44 45 38 55 51 46 55 36 38 40 42 46 51 39 53 48 43 45 42 43 43 40 42 41 44 38 41 35 34 42 41 42 37 37 43 38 41 41 44 46 46 50 42 47 42 36 37 31 41 42 40 37 37 44 45 40 44 41 42 43 37 46 46 46 36 44
2 18 34 45 39 40 37 36 39 35 42 43 41 43 44 40 42 53 58 45 52 43 37 43 41 52 36 42 41 42 46 46 42 40 34 40 39 46 42 39 26 38 43 43 44 46 41 61 44 46 43 49 44 37 40 44 53 47 52 49 40 40 41 49 52 57 50 40 41 37 43 44 45 43 41 41 37 38 48 43 36 47 59 48 45 42 46 39 41 47 57 46 49 38 44 48 44 44 44 42 33
0 19 33 37 39 39 44 46 30 38 40 38 29 37 42 43 37 39 43 41 49 28 38 30 33 37 28 45 38 42 43 35 41 38 47 46 43 43 45 48 30 42 38 37 44 39 46 55 43 37 30 31 44 35 29 26 38 46 36 51 44 40 40 35 33 42 43 39 44 39 45 40 44 46 42 41 45 51 50 44 46 46 43 32 30 30 37 46 33 38 41 46 48 50 43 40 44 40 38 44 44
1 12 31 35 40 46 56 55 44 43 41 50 57 46 40 43 35 39 41 35 35 51 42 42 36 32 38 39 41 35 34 37 36 33 37 42 42 49 38 37 46 45 43 42 38 40 39 34 38 46 45 43 36 46 46 35 41 44 38 39 54 45 38 43 29 42 50 43 42 39 36 39 41 43 36 49 41 35 46 31 33 33 38 44 36 45 42 42 41 40 42 41 37 38 37 31 32 46 46 37 35
1 15 31 33 30 27 37 46 42 44 47 35 38 44 51 39 35 40 42 26 35 33 38 38 54 46 45 40 42 47 42 40 35 41 30 27 38 35 35 40 38 36 29 29 27 35 35 42 39 40 43 46 38 35 49 48 36 46 51 45 46 46 39 45 42 36 32 33 26 35 39 39 38 34 34 42 42 41 34 39 42 46 50 48 48 42 37 45 40 38 29 39 35 28 27 36 40 39 33 36 32
0 9 15 20 13 19 21 20 21 26 25 24 18 17 15 12 19 16 20 22 25 26 25 24 23 32 31 22 23 20 21 26 17 19 16 23 25 28 16 26 30 19 13 17 17 20 18 22 25 20 25 26 22 27 22 25 20 18 13 22 21 27 22 23 23 25 17 12 17 25 16 19 24 21 19 20 23 25 20 16 15 28 21 18 23 22 19 22 18 19 19 22 21 27 22 20 22 15 23 20 18
0 5 13 13 18 14 15 18 17 18 21 20 15 14 16 25 18 13 14 24 25 21 20 23 25 22 21 17 15 23 19 29 26 21 16 22 22 21 19 22 20 20 19 23 19 22 17 19 25 29 29 18 24 20 12 17 19 20 20 24 16 22 27 20 22 27 26 26 17 24 32 25 24 26 15 14 18 24 19 16 21 24 24 19 21 16 14 20 24 21 17 24 18 21 20 20 21 23 13 22 21
1 9 19 18 21 20 18 20 26 23 19 18 18 14 17 14 22 23 22 27 25 21 24 27 22 21 17 19 23 25 17 21 25 21 22 21 20 23 19 16 19 17 14 22 16 18 23 14 16 13 23 20 25 18 19 14 16 11 8 12 11 18 21 23 15 21 14 17 15 20 14 19 18 25 22 23 19 17 20 22 20 17 16 12 14 20 16 22 19 21 19 14 19 16 22 23 21 18 19 17 16
2 9 10 14 13 14 19 20 17 20 22 11 14 17 18 14 14 12 16 17 23 21 20 28 20 11 17 20 17 23 23 23 19 16 18 24 23 16 19 14 13 15 12 15 23 18 17 19 10 15 19 20 20 17 17 19 18 18 18 20 24 18 16 12 17 16 21 23 21 20 17 21 21 13 18 21 15 19 18 16 17 12 15 16 14 13 17 23 22 18 21 21 15 16 12 22 16 18 16 20 25
0 8 12 23 19 18 18 18 21 17 15 20 19 18 21 19 12 17 21 25 26 19 19 16 22 16 21 18 16 13 17 22 21 23 26 17 20 16 15 16 16 18 16 16 15 11 15 19 22 23 12 14 13 12 20 22 15 22 17 21 15 23 12 18 13 22 18 17 14 19 14 18 11 18 20 18 20 17 18 15 24 21 25 22 20 23 21 18 15 15 17 17 19 16 21 19 18 15 23 24 18
0 5 12 9 16 14 17 15 14 14 13 13 14 15 19 20 22 19 24 18 24 21 21 19 19 15 21 16 19 25 19 18 10 16 21 21 14 18 22 13 15 16 17 11 14 18 16 15 20 19 17 20 16 15 19 19 21 20 14 16 12 14 18 13 12 19 13 10 16 12 12 13 18 15 18 15 14 21 16 24 18 16 19 15 19 13 13 16 18 17 17 24 25 25 24 20 17 18 17 14 20
3 24 45 46 51 52 49 46 46 41 42 44 47 51 45 50 40 50 46 50 56 58 46 51 59 57 51 57 54 55 48 43 43 49 43 51 47 64 44 51 57 51 48 42 40 40 50 48 47 46 53 50 44 49 42 49 54 49 43 47 51 54 49 47 40 48 42 52 42 54 52 40 44 49 50 53 44 49 48 33 34 34 42 53 50 52 47 45 56 46 50 42 44 56 50 47 41 50 50 50 52
0 19 43 52 63 67 59 57 55 38 42 45 46 48 50 42 50 55 62 60 55 52 49 52 49 45 43 45 47 47 44 51 43 48 50 48 49 41 40 33 34 48 51 55 55 44 38 40 54 57 46 52 55 49 51 43 41 47 44 40 54 47 46 45 53 51 55 49 45 57 50 44 55 51 45 46 52 46 45 48 44 39 50 49 49 49 50 56 48 41 49 47 52 53 43 50 45 45 45 49 37
1 17 36 36 37 49 39 34 52 51 39 45 45 34 34 44 48 50 48 42 52 38 46 48 51 54 46 47 38 39 46 49 43 54 63 46 44 47 45 48 46 51 39 37 35 36 48 46 41 42 45 40 44 51 41 46 42 43 55 45 47 51 45 52 53 54 43 48 41 38 35 45 45 46 54 44 51 46 59 57 57 34 42 51 51 43 42 50 55 55 53 47 45 53 57 46 53 39 44 48 52
1 16 23 24 25 24 30 29 29 31 32 24 28 30 27 22 29 29 27 27 25 29 24 28 35 30 30 21 26 32 26 29 25 27 20 20 28 27 28 33 28 35 40 33 38 36 36 24 33 35 30 34 33 29 32 29 24 34 25 22 23 23 20 33 26 22 22 30 30 24 31 29 35 36 31 34 29 34 29 28 29 24 27 30 34 34 30 24 33 20 21 29 29 35 31 22 24 26 25 28 34
0 17 20 27 29 23 30 33 30 31 31 30 28 33 22 28 29 32 32 30 25 25 28 28 34 32 26 27 33 26 30 21 23 26 28 28 25 22 24 35 27 32 24 21 27 27 31 35 34 33 30 37 24 30 29 25 21 26 22 26 22 32 35 28 31 23 26 28 31 34 26 24 23 21 28 29 27 21 31 28 31 26 29 29 26 33 34 23 32 25 28 24 29 19 21 25 40 29 29 24 23
2 15 20 26 23 36 28 30 29 27 27 21 24 25 24 30 29 25 18 19 21 26 28 25 24 23 26 35 30 31 29 26 27 23 23 29 30 28 32 29 35 33 38 34 28 27 33 32 30 23 26 26 18 22 24 31 33 32 36 32 32 33 37 34 31 35 28 25 23 30 33 34 30 36 19 26 26 19 21 29 19 25 31 27 21 29 33 42 36 29 28 29 35 26 24 16 25 34 28 24 22
0 10 14 18 33 32 35 34 31 31 35 29 26 29 23 25 31 34 31 33 25 28 29 33 29 35 30 34 24 32 29 29 42 30 30 33 40 46 38 33 33 29 33 34 38 32 31 34 45 38 38 34 33 31 29 31 32 28 24 33 27 27 25 33 32 28 33 32 25 34 36 41 33 23 27 34 28 26 31 47 43 32 37 29 35 29 28 22 34 32 40 30 32 39 34 31 33 30 31 33 35
0 10 20 25 33 31 30 41 34 29 32 26 30 35 30 35 37 30 34 36 26 31 27 25 28 32 26 34 31 21 28 32 34 27 34 30 34 39 40 34 34 28 26 34 31 27 26 35 31 37 35 35 31 24 30 29 32 34 33 37 39 37 32 34 29 27 24 27 35 26 24 29 29 27 25 31 28 29 34 34 24 17 29 25 31 35 37 44 40 28 26 26 27 29 31 29 29 30 22 27 35
1 17 17 21 24 26 27 26 31 28 28 30 45 42 40 34 28 26 23 32 40 36 34 36 36 35 36 31 23 31 35 30 36 26 37 28 31 33 36 37 30 36 35 35 32 34 35 31 32 28 16 28 28 33 30 35 30 35 29 29 28 20 22 31 29 31 33 36 28 30 41 39 44 37 33 34 28 26 32 38 45 42 43 47 43 32 35 34 33 41 33 27 33 27 24 35 33 36 30 32 23
4 29 54 65 54 61 64 63 68 76 68 75 64 53 60 64 72 67 53 69 72 65 53 61 59 53 63 52 60 73 55 62 75 60 56 66 55 55 64 65 63 62 64 73 63 55 64 64 56 69 66 60 61 70 71 66 65 53 67 67 57 67 69 64 64 65 61 53 65 78 79 70 67 75 65 64 59 56 67 65 60 57 55 65 52 64 55 70 56 69 67 86 75 54 67 69 72 72 79 73 52
3 16 45 44 48 58 62 64 69 71 67 64 68 57 64 68 80 77 66 53 63 63 56 65 52 72 74 65 56 57 75 64 62 67 60 61 58 67 58 61 60 68 69 71 68 60 64 80 53 63 66 68 66 61 62 61 67 77 83 69 53 58 66 71 71 78 82 70 65 65 63 68 75 71 69 74 68 58 63 63 65 54 57 62 58 70 69 62 59 69 68 66 71 68 65 59 56 56 55 83 69
3 25 48 56 57 67 62 66 58 75 72 56 69 61 69 75 59 63 73 63 72 72 61 67 73 62 53 71 64 57 64 55 57 56 64 50 67 70 74 71 75 58 58 58 60 65 59 66 60 68 61 61 61 65 66 67 58 58 71 65 70 65 53 60 66 66 59 55 56 63 71 64 63 75 74 65 54 62 52 61 63 62 72 58 56 61 56 62 72 67 68 65 79 69 75 61 61 63 56 59 61
3 18 23 24 40 37 38 35 40 43 41 37 44 40 31 38 41 46 42 38 43 34 41 42 44 51 40 32 47 50 43 30 31 44 42 50 48 43 47 47 45 49 38 35 40 38 36 47 49 42 42 43 40 44 38 39 46 38 38 45 48 45 40 43 41 46 42 33 37 36 44 40 34 32 34 41 38 41 41 49 43 34 44 34 36 37 45 37 44 50 41 45 39 33 42 51 45 51 47 38 39
1 17 37 40 43 50 46 50 41 34 41 41 37 43 35 30 38 38 41 35 37 34 36 31 35 30 37 46 51 39 41 39 46 40 37 37 36 36 37 38 43 39 41 39 45 40 39 41 37 39 39 39 43 48 45 47 47 51 49 46 38 44 40 32 37 37 31 33 31 41 46 37 40 45 50 35 41 39 38 41 38 35 42 40 39 41 45 49 49 50 40 31 36 44 38 45 50 48 54 40 41
4 13 24 30 34 40 39 45 48 47 42 43 48 40 41 46 39 52 57 47 46 52 37 38 33 33 42 43 34 36 36 43 43 42 41 29 33 39 38 28 42 39 41 36 36 36 42 34 36 33 35 34 44 51 34 37 36 36 43 46 49 46 46 32 37 46 37 47 42 39 38 31 32 33 41 42 47 39 39 35 34 41 38 35 43 45 46 49 42 44 44 50 48 51 40 36 40 35 36 46 42
0 17 39 41 45 53 46 38 44 36 43 45 42 49 45 51 46 44 52 43 44 40 42 41 46 44 51 42 45 49 45 37 33 26 30 48 44 52 42 45 43 45 48 50 49 45 44 35 39 43 46 42 44 47 48 55 47 38 38 40 49 43 44 50 45 44 44 36 41 48 36 37 38 40 34 35 40 41 45 42 45 50 44 48 53 44 45 48 33 41 50 49 52 40 41 41 38 41 40 48 43
2 17 33 28 37 46 49 48 54 33 38 41 33 46 46 54 53 43 48 46 48 47 40 46 48 53 37 44 43 46 47 42 49 39 37 43 41 49 47 34 44 41 41 41 48 40 42 41 52 51 49 42 37 39 42 35 39 43 44 41 44 51 40 45 52 40 36 28 39 35 44 44 52 53 44 41 39 46 47 48 51 43 39 35 41 49 50 43 45 55 44 36 50 42 41 38 45 42 61 45 30
1 16 29 37 32 34 34 44 44 51 46 46 52 52 51 51 39 36 36 30 28 34 37 36 46 48 46 45 40 41 39 43 45 51 45 47 48 50 52 45 39 34 32 31 39 38 42 30 33 40 44 38 45 44 37 42 39 38 20 27 35 32 36 40 55 48 36 41 34 32 34 43 33 36 30 32 39 34 39 32 33 39 39 41 42 47 44 42 40 44 38 36 33 36 36 46 41 37 30 36 44
1 12 12 16 24 26 29 31 31 31 27 32 34 31 34 26 28 29 27 27 26 31 36 35 29 34 35 32 30 33 28 33 32 24 26 16 18 24 22 25 29 31 35 32 38 31 25 32 28 28 15 26 30 27 30 23 28 27 27 31 34 33 33 29 27 35 36 31 28 22 25 35 30 24 24 22 41 37 40 45 34 37 31 34 33 24 20 22 24 27 33 29 35 36 29 29 14 20 30 23 28
1 9 22 25 26 26 24 31 31 33 31 35 35 39 33 40 32 37 38 39 32 35 28 34 28 26 20 27 27 30 26 26 29 24 29 31 27 29 29 34 30 28 29 22 30 38 41 40 31 35 38 29 30 31 40 31 32 31 21 25 26 34 25 37 33 32 32 30 31 27 18 24 27 35 27 26 30 23 28 33 32 21 25 23 29 23 28 28 30 26 29 33 28 30 29 27 23 35 29 30 22
1 12 17 24 19 33 28 22 23 36 25 25 23 26 25 25 21 23 24 25 29 29 34 27 23 25 27 25 33 32 32 32 27 23 25 25 18 26 31 29 33 40 29 28 29 26 26 31 32 32 26 27 28 32 32 32 34 26 23 20 30 32 22 15 27 30 39 45 31 26 21 28 27 32 26 30 27 40 31 36 33 36 32 28 34 25 31 39 31 27 29 29 29 22 28 34 29 28 22 26 32
1 13 23 29 27 33 31 32 35 34 31 27 29 37 29 33 28 31 39 36 29 30 34 35 32 41 42 29 26 33 23 27 35 30 36 33 39 36 36 33 26 37 30 33 25 23 32 34 42 38 35 29 38 37 38 28 29 20 18 18 24 27 40 41 29 33 38 38 36 38 36 37 35 38 35 31 28 32 34 46 41 36 33 28 33 34 37 36 37 27 28 42 34 21 21 28 30 30 25 30 28
4 14 20 33 34 37 38 27 31 31 32 26 31 30 28 36 34 38 45 39 33 27 30 36 38 30 26 32 33 30 16 22 31 31 44 38 33 30 35 31 23 30 36 39 33 35 36 28 29 40 34 39 32 36 36 31 32 31 36 29 27 32 38 37 31 31 34 33 30 32 29 31 27 30 26 25 24 37 27 32 38 35 36 36 32 34 36 41 32 28 36 25 34 29 37 37 40 36 31 38 35
0 18 25 33 31 32 36 30 31 38 34 26 25 38 30 28 30 33 26 33 41 32 32 28 31 30 26 32 32 35 31 28 26 28 30 27 26 33 41 40 31 23 31 29 26 33 35 36 31 32 31 28 25 25 26 31 34 41 37 33 27 35 36 29 30 23 26 35 36 30 26 25 34 28 31 39 44 36 29 31 27 26 30 31 29 26 20 30 37 37 30 29 34 35 42 37 29 22 36 31 36
2 15 28 41 42 39 42 44 41 37 36 40 42 40 31 28 37 39 35 29 34 42 34 34 41 45 44 42 40 36 36 38 35 37 47 40 50 42 37 31 36 46 41 28 38 43 29 33 39 42 42 37 37 39 42 44 44 41 34 30 41 45 38 54 42 40 33 31 34 32 34 37 27 35 40 40 44 35 34 35 43 33 37 41 37 33 38 43 42 52 47 47 36 45 45 39 34 41 51 45 46
1 14 30 47 47 44 50 48 47 37 44 35 45 38 37 34 35 40 37 40 50 41 47 44 43 42 41 44 53 41 46 46 30 27 26 35 36 41 28 37 43 42 42 44 43 42 48 43 48 42 34 40 42 30 38 40 36 36 36 38 39 38 31 35 31 36 47 48 44 35 43 42 41 38 48 49 45 39 34 45 39 44 42 42 43 47 44 50 41 47 33 29 32 45 33 41 42 46 42 41 43
1 15 29 37 42 32 37 45 39 42 38 37 32 30 34 28 34 44 39 35 39 33 35 30 38 38 26 40 33 37 44 42 37 40 37 30 36 38 38 39 31 33 33 40 31 31 37 44 41 36 37 40 43 35 32 34 37 35 37 39 38 39 36 33 41 41 54 51 51 35 38 33 42 47 44 38 40 39 42 39 37 29 32 39 38 39 49 46 35 45 35 40 50 35 35 30 37 47 40 46 42
1 13 22 28 28 36 44 40 41 33 29 40 40 33 35 45 38 43 36 45 42 44 37 33 42 45 45 44 40 48 39 45 42 46 34 26 36 35 40 35 36 42 40 39 39 29 29 40 44 32 34 35 37 45 40 46 40 40 35 32 25 35 41 36 42 38 45 38 39 40 38 36 35 39 45 43 33 40 38 48 37 48 50 41 41 40 36 37 41 41 35 35 33 34 27 35 43 36 36 36 37
0 20 29 32 35 34 41 40 36 41 43 32 30 33 34 39 35 44 50 36 35 47 43 36 36 43 43 38 38 37 31 29 30 23 35 32 39 32 29 36 40 40 48 45 34 36 33 36 36 35 44 26 32 38 30 34 37 40 30 29 34 33 32 44 42 35 32 34 45 41 33 43 42 36 38 34 39 34 35 44 47 52 42 40 42 39 41 39 28 34 39 31 33 38 35 41 33 32 41 46 50
2 11 24 21 32 35 31 28 21 30 33 36 28 26 26 31 40 46 39 46 44 37 34 39 38 30 43 43 29 29 33 37 37 28 38 32 33 34 33 33 21 25 30 39 35 46 33 37 42 36 36 41 39 33 32 42 40 35 35 34 35 27 28 37 33 47 38 38 44 41 39 28 31 36 32 41 40 44 35 34 25 33 33 29 34 43 33 37 36 33 34 41 36 29 33 32 30 40 48 43 45
3 29 52 55 58 59 70 67 69 67 60 65 71 73 65 67 58 68 74 69 66 46 68 62 71 73 68 65 52 67 67 66 59 57 60 58 65 74 81 68 73 66 69 68 52 51 61 59 44 68 68 67 66 81 82 80 59 60 62 61 64 67 58 69 67 75 77 64 72 74 71 54 69 70 65 66 70 67 63 66 65 56 68 55 57 63 57 60 65 65 64 75 71 69 71 76 72 56 61 77 62
4 29 51 56 69 76 73 69 70 79 64 58 66 59 57 57 68 54 52 67 60 63 60 65 75 75 71 66 76 59 70 64 69 69 67 75 68 78 73 67 70 69 59 68 71 78 75 65 65 64 67 67 72 75 68 68 68 71 65 65 76 60 60 70 60 64 57 65 68 68 65 70 78 70 63 71 79 70 66 70 63 64 63 68 58 72 69 60 66 66 62 65 61 51 55 61 57 63 66 63 61
2 19 47 53 57 53 55 57 62 63 64 78 75 74 80 73 57 61 61 65 59 64 63 61 64 57 53 56 57 52 52 65 69 62 68 61 56 61 64 71 66 67 60 60 58 59 67 62 63 55 63 73 64 69 54 55 60 68 67 72 77 84 65 63 63 57 64 64 78 74 72 72 64 65 69 63 72 66 77 71 71 72 67 62 72 73 71 67 69 78 63 67 74 57 68 66 63 60 62 61 71
