20.613861386138613 7.435643564356436
21.712871287128714 10.247524752475247
20.95049504950495 19.326732673267326
2.4356435643564356 3.396039603960396
1.9801980198019802 10.594059405940595
1.9207920792079207 21.207920792079207
5.2772277227722775 6.01980198019802
5.336633663366337 9.772277227722773
5.079207920792079 13.356435643564357
2.366336633663366 3.386138613861386
2.485148514851485 12.603960396039604
2.7524752475247523 17.693069306930692
10.811881188118813 8.504950495049505
10.633663366336634 10.693069306930694
10.0 17.534653465346533
28.376237623762375 3.198019801980198
28.00990099009901 6.752475247524752
26.584158415841586 21.03960396039604
29.07920792079208 5.128712871287129
29.584158415841586 10.950495049504951
27.712871287128714 14.643564356435643
7.287128712871287 5.346534653465347
6.900990099009901 11.574257425742575
6.782178217821782 20.0
6.465346534653466 9.207920792079207
6.841584158415841 10.366336633663366
7.336633663366337 14.772277227722773
25.712871287128714 7.554455445544554
25.475247524752476 10.297029702970297
24.613861386138613 16.376237623762375
7.584158415841584 6.217821782178218
8.108910891089108 14.277227722772277
8.772277227722773 11.623762376237623
5.445544554455446 5.633663366336633
5.584158415841584 13.594059405940595
5.079207920792079 18.91089108910891
22.900990099009903 8.603960396039604
23.019801980198018 9.465346534653465
22.584158415841586 14.712871287128714
8.554455445544555 7.6138613861386135
8.544554455445544 10.613861386138614
8.712871287128714 18.287128712871286
0.13861386138613863 2.9702970297029703
0.1485148514851485 7.673267326732673
0.13861386138613863 18.85148514851485
16.445544554455445 6.514851485148514
16.594059405940595 10.564356435643564
16.653465346534652 17.88118811881188
26.99009900990099 3.1881188118811883
27.88118811881188 11.653465346534654
26.980198019801982 14.732673267326733
8.514851485148515 5.871287128712871
7.198019801980198 17.455445544554454
8.05940594059406 18.247524752475247
8.643564356435643 6.02970297029703
9.554455445544555 14.712871287128714
8.742574257425742 20.89108910891089
23.019801980198018 6.4950495049504955
21.801980198019802 13.306930693069306
22.88118811881188 10.405940594059405
7.01980198019802 4.861386138613861
6.702970297029703 9.07920792079208
6.930693069306931 18.14851485148515
20.613861386138613 6.8316831683168315
21.693069306930692 11.475247524752476
21.603960396039604 21.97029702970297
17.10891089108911 3.6930693069306932
17.217821782178216 15.435643564356436
16.91089108910891 13.554455445544555
10.613861386138614 8.03960396039604
10.722772277227723 11.584158415841584
10.485148514851485 15.841584158415841
12.910891089108912 6.1683168316831685
12.198019801980198 11.534653465346535
11.782178217821782 18.722772277227723
22.980198019801982 4.930693069306931
24.287128712871286 13.524752475247524
22.485148514851485 19.445544554455445
21.594059405940595 8.217821782178218
21.742574257425744 13.207920792079207
21.91089108910891 16.297029702970296
24.366336633663366 4.920792079207921
24.92079207920792 7.346534653465347
23.435643564356436 14.495049504950495
24.237623762376238 2.8316831683168315
23.544554455445546 12.306930693069306
23.02970297029703 21.544554455445546
30.455445544554454 3.485148514851485
30.683168316831683 11.148514851485148
30.88118811881188 14.099009900990099
32.0990099009901 5.801980198019802
32.00990099009901 9.326732673267326
32.56435643564357 12.396039603960396
12.504950495049505 8.485148514851485
11.722772277227723 12.138613861386139
11.257425742574258 18.89108910891089
12.366336633663366 4.9405940594059405
12.435643564356436 8.455445544554456
12.198019801980198 12.326732673267326
8.445544554455445 5.0
8.861386138613861 11.198019801980198
8.594059405940595 16.524752475247524
17.04950495049505 6.514851485148514
16.277227722772277 8.366336633663366
15.98019801980198 13.089108910891088
25.93069306930693 6.514851485148514
25.89108910891089 11.871287128712872
25.702970297029704 25.405940594059405
16.77227722772277 10.03960396039604
16.524752475247524 12.861386138613861
16.683168316831683 17.07920792079208
8.564356435643564 9.089108910891088
8.415841584158416 10.772277227722773
8.782178217821782 13.376237623762377
23.821782178217823 4.247524752475248
24.861386138613863 11.445544554455445
24.435643564356436 15.386138613861386
6.851485148514851 2.5445544554455446
6.0495049504950495 17.386138613861387
6.306930693069307 15.316831683168317
7.871287128712871 7.2772277227722775
8.158415841584159 9.227722772277227
7.851485148514851 13.594059405940595
27.702970297029704 4.3861386138613865
27.584158415841586 14.841584158415841
27.762376237623762 22.019801980198018
22.287128712871286 4.772277227722772
22.643564356435643 5.762376237623762
23.10891089108911 14.633663366336634
21.11881188118812 6.732673267326732
22.584158415841586 7.069306930693069
21.287128712871286 13.910891089108912
14.029702970297029 6.792079207920792
13.722772277227723 11.009900990099009
14.316831683168317 18.900990099009903
30.564356435643564 4.861386138613861
29.594059405940595 10.910891089108912
30.00990099009901 16.247524752475247
17.386138613861387 7.00990099009901
17.445544554455445 10.950495049504951
18.504950495049506 12.970297029702971
32.039603960396036 4.643564356435643
31.900990099009903 9.841584158415841
31.465346534653467 14.742574257425742
25.712871287128714 8.108910891089108
25.495049504950494 16.178217821782177
24.396039603960396 21.396039603960396
10.03960396039604 1.099009900990099
10.554455445544555 15.514851485148515
10.326732673267326 13.089108910891088
