149 149 149 149 149 149 149 149 149 149 149 149 149 149 149 149 149 149 149 149 149 149 149 149 149 149 149 149 149 149 149 149 149 149 149 149 149 149 149 149 149 149 149 149 149 149 149 149 149 149 149 149 149 149 149 149 149 149 149 149 149 149 149 149 149 149 149 149 149 149 149 149 149 149 149 149 149 149 149 149 149 149 149 149 149 149 149 149 149 149 149 149 149 149 149 149 149 149 149 149 149
1019 1019 1019 1019 1019 1019 1019 1019 1019 1019 1019 1019 1019 1019 1019 1019 1019 1019 1019 1019 1019 1019 1019 1019 1019 1019 1019 1019 1019 1019 1019 1019 1019 1019 1019 1019 1019 1019 1019 1019 1019 1019 1019 1019 1019 1019 1019 1019 1019 1019 1019 1019 1019 1019 1019 1019 1019 1019 1019 1019 1019 1019 1019 1019 1019 1019 1019 1019 1019 1019 1019 1019 1019 1019 1019 1019 1019 1019 1019 1019 1019 1019 1019 1019 1019 1019 1019 1019 1019 1019 1019 1019 1019 1019 1019 1019 1019 1019 1019 1019 1019
906 906 906 906 906 906 906 906 906 906 906 906 906 906 906 906 906 906 906 906 906 906 906 906 906 906 906 906 906 906 906 906 906 906 906 906 906 906 906 906 906 906 906 906 906 906 906 906 906 906 906 906 906 906 906 906 906 906 906 906 906 906 906 906 906 906 906 906 906 906 906 906 906 906 906 906 906 906 906 906 906 906 906 906 906 906 906 906 906 906 906 906 906 906 906 906 906 906 906 906 906
609 609 609 609 609 609 609 609 609 609 609 609 609 609 609 609 609 609 609 609 609 609 609 609 609 609 609 609 609 609 609 609 609 609 609 609 609 609 609 609 609 609 609 609 609 609 609 609 609 609 609 609 609 609 609 609 609 609 609 609 609 609 609 609 609 609 609 609 609 609 609 609 609 609 609 609 609 609 609 609 609 609 609 609 609 609 609 609 609 609 609 609 609 609 609 609 609 609 609 609 609
886 886 886 886 886 886 886 886 886 886 886 886 886 886 886 886 886 886 886 886 886 886 886 886 886 886 886 886 886 886 886 886 886 886 886 886 886 886 886 886 886 886 886 886 886 886 886 886 886 886 886 886 886 886 886 886 886 886 886 886 886 886 886 886 886 886 886 886 886 886 886 886 886 886 886 886 886 886 886 886 886 886 886 886 886 886 886 886 886 886 886 886 886 886 886 886 886 886 886 886 886
1141 1141 1141 1141 1141 1141 1141 1141 1141 1141 1141 1141 1141 1141 1141 1141 1141 1141 1141 1141 1141 1141 1141 1141 1141 1141 1141 1141 1141 1141 1141 1141 1141 1141 1141 1141 1141 1141 1141 1141 1141 1141 1141 1141 1141 1141 1141 1141 1141 1141 1141 1141 1141 1141 1141 1141 1141 1141 1141 1141 1141 1141 1141 1141 1141 1141 1141 1141 1141 1141 1141 1141 1141 1141 1141 1141 1141 1141 1141 1141 1141 1141 1141 1141 1141 1141 1141 1141 1141 1141 1141 1141 1141 1141 1141 1141 1141 1141 1141 1141 1141
347 347 347 347 347 347 347 347 347 347 347 347 347 347 347 347 347 347 347 347 347 347 347 347 347 347 347 347 347 347 347 347 347 347 347 347 347 347 347 347 347 347 347 347 347 347 347 347 347 347 347 347 347 347 347 347 347 347 347 347 347 347 347 347 347 347 347 347 347 347 347 347 347 347 347 347 347 347 347 347 347 347 347 347 347 347 347 347 347 347 347 347 347 347 347 347 347 347 347 347 347
554 554 554 554 554 554 554 554 554 554 554 554 554 554 554 554 554 554 554 554 554 554 554 554 554 554 554 554 554 554 554 554 554 554 554 554 554 554 554 554 554 554 554 554 554 554 554 554 554 554 554 554 554 554 554 554 554 554 554 554 554 554 554 554 554 554 554 554 554 554 554 554 554 554 554 554 554 554 554 554 554 554 554 554 554 554 554 554 554 554 554 554 554 554 554 554 554 554 554 554 554
921 921 921 921 921 921 921 921 921 921 921 921 921 921 921 921 921 921 921 921 921 921 921 921 921 921 921 921 921 921 921 921 921 921 921 921 921 921 921 921 921 921 921 921 921 921 921 921 921 921 921 921 921 921 921 921 921 921 921 921 921 921 921 921 921 921 921 921 921 921 921 921 921 921 921 921 921 921 921 921 921 921 921 921 921 921 921 921 921 921 921 921 921 921 921 921 921 921 921 921 921
56 56 56 56 56 56 56 56 56 56 56 56 56 56 56 56 56 56 56 56 56 56 56 56 56 56 56 56 56 56 56 56 56 56 56 56 56 56 56 56 56 56 56 56 56 56 56 56 56 56 56 56 56 56 56 56 56 56 56 56 56 56 56 56 56 56 56 56 56 56 56 56 56 56 56 56 56 56 56 56 56 56 56 56 56 56 56 56 56 56 56 56 56 56 56 56 56 56 56 56 56
233 233 233 233 233 233 233 233 233 233 233 233 233 233 233 233 233 233 233 233 233 233 233 233 233 233 233 233 233 233 233 233 233 233 233 233 233 233 233 233 233 233 233 233 233 233 233 233 233 233 233 233 233 233 233 233 233 233 233 233 233 233 233 233 233 233 233 233 233 233 233 233 233 233 233 233 233 233 233 233 233 233 233 233 233 233 233 233 233 233 233 233 233 233 233 233 233 233 233 233 233
711 711 711 711 711 711 711 711 711 711 711 711 711 711 711 711 711 711 711 711 711 711 711 711 711 711 711 711 711 711 711 711 711 711 711 711 711 711 711 711 711 711 711 711 711 711 711 711 711 711 711 711 711 711 711 711 711 711 711 711 711 711 711 711 711 711 711 711 711 711 711 711 711 711 711 711 711 711 711 711 711 711 711 711 711 711 711 711 711 711 711 711 711 711 711 711 711 711 711 711 711
793 793 793 793 793 793 793 793 793 793 793 793 793 793 793 793 793 793 793 793 793 793 793 793 793 793 793 793 793 793 793 793 793 793 793 793 793 793 793 793 793 793 793 793 793 793 793 793 793 793 793 793 793 793 793 793 793 793 793 793 793 793 793 793 793 793 793 793 793 793 793 793 793 793 793 793 793 793 793 793 793 793 793 793 793 793 793 793 793 793 793 793 793 793 793 793 793 793 793 793 793
717 717 717 717 717 717 717 717 717 717 717 717 717 717 717 717 717 717 717 717 717 717 717 717 717 717 717 717 717 717 717 717 717 717 717 717 717 717 717 717 717 717 717 717 717 717 717 717 717 717 717 717 717 717 717 717 717 717 717 717 717 717 717 717 717 717 717 717 717 717 717 717 717 717 717 717 717 717 717 717 717 717 717 717 717 717 717 717 717 717 717 717 717 717 717 717 717 717 717 717 717
681 681 681 681 681 681 681 681 681 681 681 681 681 681 681 681 681 681 681 681 681 681 681 681 681 681 681 681 681 681 681 681 681 681 681 681 681 681 681 681 681 681 681 681 681 681 681 681 681 681 681 681 681 681 681 681 681 681 681 681 681 681 681 681 681 681 681 681 681 681 681 681 681 681 681 681 681 681 681 681 681 681 681 681 681 681 681 681 681 681 681 681 681 681 681 681 681 681 681 681 681
708 708 708 708 708 708 708 708 708 708 708 708 708 708 708 708 708 708 708 708 708 708 708 708 708 708 708 708 708 708 708 708 708 708 708 708 708 708 708 708 708 708 708 708 708 708 708 708 708 708 708 708 708 708 708 708 708 708 708 708 708 708 708 708 708 708 708 708 708 708 708 708 708 708 708 708 708 708 708 708 708 708 708 708 708 708 708 708 708 708 708 708 708 708 708 708 708 708 708 708 708
53 53 53 53 53 53 53 53 53 53 53 53 53 53 53 53 53 53 53 53 53 53 53 53 53 53 53 53 53 53 53 53 53 53 53 53 53 53 53 53 53 53 53 53 53 53 53 53 53 53 53 53 53 53 53 53 53 53 53 53 53 53 53 53 53 53 53 53 53 53 53 53 53 53 53 53 53 53 53 53 53 53 53 53 53 53 53 53 53 53 53 53 53 53 53 53 53 53 53 53 53
1055 1055 1055 1055 1055 1055 1055 1055 1055 1055 1055 1055 1055 1055 1055 1055 1055 1055 1055 1055 1055 1055 1055 1055 1055 1055 1055 1055 1055 1055 1055 1055 1055 1055 1055 1055 1055 1055 1055 1055 1055 1055 1055 1055 1055 1055 1055 1055 1055 1055 1055 1055 1055 1055 1055 1055 1055 1055 1055 1055 1055 1055 1055 1055 1055 1055 1055 1055 1055 1055 1055 1055 1055 1055 1055 1055 1055 1055 1055 1055 1055 1055 1055 1055 1055 1055 1055 1055 1055 1055 1055 1055 1055 1055 1055 1055 1055 1055 1055 1055 1055
917 917 917 917 917 917 917 917 917 917 917 917 917 917 917 917 917 917 917 917 917 917 917 917 917 917 917 917 917 917 917 917 917 917 917 917 917 917 917 917 917 917 917 917 917 917 917 917 917 917 917 917 917 917 917 917 917 917 917 917 917 917 917 917 917 917 917 917 917 917 917 917 917 917 917 917 917 917 917 917 917 917 917 917 917 917 917 917 917 917 917 917 917 917 917 917 917 917 917 917 917
1100 1100 1100 1100 1100 1100 1100 1100 1100 1100 1100 1100 1100 1100 1100 1100 1100 1100 1100 1100 1100 1100 1100 1100 1100 1100 1100 1100 1100 1100 1100 1100 1100 1100 1100 1100 1100 1100 1100 1100 1100 1100 1100 1100 1100 1100 1100 1100 1100 1100 1100 1100 1100 1100 1100 1100 1100 1100 1100 1100 1100 1100 1100 1100 1100 1100 1100 1100 1100 1100 1100 1100 1100 1100 1100 1100 1100 1100 1100 1100 1100 1100 1100 1100 1100 1100 1100 1100 1100 1100 1100 1100 1100 1100 1100 1100 1100 1100 1100 1100 1100
957 957 957 957 957 957 957 957 957 957 957 957 957 957 957 957 957 957 957 957 957 957 957 957 957 957 957 957 957 957 957 957 957 957 957 957 957 957 957 957 957 957 957 957 957 957 957 957 957 957 957 957 957 957 957 957 957 957 957 957 957 957 957 957 957 957 957 957 957 957 957 957 957 957 957 957 957 957 957 957 957 957 957 957 957 957 957 957 957 957 957 957 957 957 957 957 957 957 957 957 957
544 544 544 544 544 544 544 544 544 544 544 544 544 544 544 544 544 544 544 544 544 544 544 544 544 544 544 544 544 544 544 544 544 544 544 544 544 544 544 544 544 544 544 544 544 544 544 544 544 544 544 544 544 544 544 544 544 544 544 544 544 544 544 544 544 544 544 544 544 544 544 544 544 544 544 544 544 544 544 544 544 544 544 544 544 544 544 544 544 544 544 544 544 544 544 544 544 544 544 544 544
192 192 192 192 192 192 192 192 192 192 192 192 192 192 192 192 192 192 192 192 192 192 192 192 192 192 192 192 192 192 192 192 192 192 192 192 192 192 192 192 192 192 192 192 192 192 192 192 192 192 192 192 192 192 192 192 192 192 192 192 192 192 192 192 192 192 192 192 192 192 192 192 192 192 192 192 192 192 192 192 192 192 192 192 192 192 192 192 192 192 192 192 192 192 192 192 192 192 192 192 192
418 418 418 418 418 418 418 418 418 418 418 418 418 418 418 418 418 418 418 418 418 418 418 418 418 418 418 418 418 418 418 418 418 418 418 418 418 418 418 418 418 418 418 418 418 418 418 418 418 418 418 418 418 418 418 418 418 418 418 418 418 418 418 418 418 418 418 418 418 418 418 418 418 418 418 418 418 418 418 418 418 418 418 418 418 418 418 418 418 418 418 418 418 418 418 418 418 418 418 418 418
108 108 108 108 108 108 108 108 108 108 108 108 108 108 108 108 108 108 108 108 108 108 108 108 108 108 108 108 108 108 108 108 108 108 108 108 108 108 108 108 108 108 108 108 108 108 108 108 108 108 108 108 108 108 108 108 108 108 108 108 108 108 108 108 108 108 108 108 108 108 108 108 108 108 108 108 108 108 108 108 108 108 108 108 108 108 108 108 108 108 108 108 108 108 108 108 108 108 108 108 108
1177 1177 1177 1177 1177 1177 1177 1177 1177 1177 1177 1177 1177 1177 1177 1177 1177 1177 1177 1177 1177 1177 1177 1177 1177 1177 1177 1177 1177 1177 1177 1177 1177 1177 1177 1177 1177 1177 1177 1177 1177 1177 1177 1177 1177 1177 1177 1177 1177 1177 1177 1177 1177 1177 1177 1177 1177 1177 1177 1177 1177 1177 1177 1177 1177 1177 1177 1177 1177 1177 1177 1177 1177 1177 1177 1177 1177 1177 1177 1177 1177 1177 1177 1177 1177 1177 1177 1177 1177 1177 1177 1177 1177 1177 1177 1177 1177 1177 1177 1177 1177
1212 1212 1212 1212 1212 1212 1212 1212 1212 1212 1212 1212 1212 1212 1212 1212 1212 1212 1212 1212 1212 1212 1212 1212 1212 1212 1212 1212 1212 1212 1212 1212 1212 1212 1212 1212 1212 1212 1212 1212 1212 1212 1212 1212 1212 1212 1212 1212 1212 1212 1212 1212 1212 1212 1212 1212 1212 1212 1212 1212 1212 1212 1212 1212 1212 1212 1212 1212 1212 1212 1212 1212 1212 1212 1212 1212 1212 1212 1212 1212 1212 1212 1212 1212 1212 1212 1212 1212 1212 1212 1212 1212 1212 1212 1212 1212 1212 1212 1212 1212 1212
584 584 584 584 584 584 584 584 584 584 584 584 584 584 584 584 584 584 584 584 584 584 584 584 584 584 584 584 584 584 584 584 584 584 584 584 584 584 584 584 584 584 584 584 584 584 584 584 584 584 584 584 584 584 584 584 584 584 584 584 584 584 584 584 584 584 584 584 584 584 584 584 584 584 584 584 584 584 584 584 584 584 584 584 584 584 584 584 584 584 584 584 584 584 584 584 584 584 584 584 584
663 663 663 663 663 663 663 663 663 663 663 663 663 663 663 663 663 663 663 663 663 663 663 663 663 663 663 663 663 663 663 663 663 663 663 663 663 663 663 663 663 663 663 663 663 663 663 663 663 663 663 663 663 663 663 663 663 663 663 663 663 663 663 663 663 663 663 663 663 663 663 663 663 663 663 663 663 663 663 663 663 663 663 663 663 663 663 663 663 663 663 663 663 663 663 663 663 663 663 663 663
225 225 225 225 225 225 225 225 225 225 225 225 225 225 225 225 225 225 225 225 225 225 225 225 225 225 225 225 225 225 225 225 225 225 225 225 225 225 225 225 225 225 225 225 225 225 225 225 225 225 225 225 225 225 225 225 225 225 225 225 225 225 225 225 225 225 225 225 225 225 225 225 225 225 225 225 225 225 225 225 225 225 225 225 225 225 225 225 225 225 225 225 225 225 225 225 225 225 225 225 225
188 188 188 188 188 188 188 188 188 188 188 188 188 188 188 188 188 188 188 188 188 188 188 188 188 188 188 188 188 188 188 188 188 188 188 188 188 188 188 188 188 188 188 188 188 188 188 188 188 188 188 188 188 188 188 188 188 188 188 188 188 188 188 188 188 188 188 188 188 188 188 188 188 188 188 188 188 188 188 188 188 188 188 188 188 188 188 188 188 188 188 188 188 188 188 188 188 188 188 188 188
81 81 81 81 81 81 81 81 81 81 81 81 81 81 81 81 81 81 81 81 81 81 81 81 81 81 81 81 81 81 81 81 81 81 81 81 81 81 81 81 81 81 81 81 81 81 81 81 81 81 81 81 81 81 81 81 81 81 81 81 81 81 81 81 81 81 81 81 81 81 81 81 81 81 81 81 81 81 81 81 81 81 81 81 81 81 81 81 81 81 81 81 81 81 81 81 81 81 81 81 81
1106 1106 1106 1106 1106 1106 1106 1106 1106 1106 1106 1106 1106 1106 1106 1106 1106 1106 1106 1106 1106 1106 1106 1106 1106 1106 1106 1106 1106 1106 1106 1106 1106 1106 1106 1106 1106 1106 1106 1106 1106 1106 1106 1106 1106 1106 1106 1106 1106 1106 1106 1106 1106 1106 1106 1106 1106 1106 1106 1106 1106 1106 1106 1106 1106 1106 1106 1106 1106 1106 1106 1106 1106 1106 1106 1106 1106 1106 1106 1106 1106 1106 1106 1106 1106 1106 1106 1106 1106 1106 1106 1106 1106 1106 1106 1106 1106 1106 1106 1106 1106
551 551 551 551 551 551 551 551 551 551 551 551 551 551 551 551 551 551 551 551 551 551 551 551 551 551 551 551 551 551 551 551 551 551 551 551 551 551 551 551 551 551 551 551 551 551 551 551 551 551 551 551 551 551 551 551 551 551 551 551 551 551 551 551 551 551 551 551 551 551 551 551 551 551 551 551 551 551 551 551 551 551 551 551 551 551 551 551 551 551 551 551 551 551 551 551 551 551 551 551 551
997 997 997 997 997 997 997 997 997 997 997 997 997 997 997 997 997 997 997 997 997 997 997 997 997 997 997 997 997 997 997 997 997 997 997 997 997 997 997 997 997 997 997 997 997 997 997 997 997 997 997 997 997 997 997 997 997 997 997 997 997 997 997 997 997 997 997 997 997 997 997 997 997 997 997 997 997 997 997 997 997 997 997 997 997 997 997 997 997 997 997 997 997 997 997 997 997 997 997 997 997
336 336 336 336 336 336 336 336 336 336 336 336 336 336 336 336 336 336 336 336 336 336 336 336 336 336 336 336 336 336 336 336 336 336 336 336 336 336 336 336 336 336 336 336 336 336 336 336 336 336 336 336 336 336 336 336 336 336 336 336 336 336 336 336 336 336 336 336 336 336 336 336 336 336 336 336 336 336 336 336 336 336 336 336 336 336 336 336 336 336 336 336 336 336 336 336 336 336 336 336 336
656 656 656 656 656 656 656 656 656 656 656 656 656 656 656 656 656 656 656 656 656 656 656 656 656 656 656 656 656 656 656 656 656 656 656 656 656 656 656 656 656 656 656 656 656 656 656 656 656 656 656 656 656 656 656 656 656 656 656 656 656 656 656 656 656 656 656 656 656 656 656 656 656 656 656 656 656 656 656 656 656 656 656 656 656 656 656 656 656 656 656 656 656 656 656 656 656 656 656 656 656
300 300 300 300 300 300 300 300 300 300 300 300 300 300 300 300 300 300 300 300 300 300 300 300 300 300 300 300 300 300 300 300 300 300 300 300 300 300 300 300 300 300 300 300 300 300 300 300 300 300 300 300 300 300 300 300 300 300 300 300 300 300 300 300 300 300 300 300 300 300 300 300 300 300 300 300 300 300 300 300 300 300 300 300 300 300 300 300 300 300 300 300 300 300 300 300 300 300 300 300 300
100 100 100 100 100 100 100 100 100 100 100 100 100 100 100 100 100 100 100 100 100 100 100 100 100 100 100 100 100 100 100 100 100 100 100 100 100 100 100 100 100 100 100 100 100 100 100 100 100 100 100 100 100 100 100 100 100 100 100 100 100 100 100 100 100 100 100 100 100 100 100 100 100 100 100 100 100 100 100 100 100 100 100 100 100 100 100 100 100 100 100 100 100 100 100 100 100 100 100 100 100
672 672 672 672 672 672 672 672 672 672 672 672 672 672 672 672 672 672 672 672 672 672 672 672 672 672 672 672 672 672 672 672 672 672 672 672 672 672 672 672 672 672 672 672 672 672 672 672 672 672 672 672 672 672 672 672 672 672 672 672 672 672 672 672 672 672 672 672 672 672 672 672 672 672 672 672 672 672 672 672 672 672 672 672 672 672 672 672 672 672 672 672 672 672 672 672 672 672 672 672 672
552 552 552 552 552 552 552 552 552 552 552 552 552 552 552 552 552 552 552 552 552 552 552 552 552 552 552 552 552 552 552 552 552 552 552 552 552 552 552 552 552 552 552 552 552 552 552 552 552 552 552 552 552 552 552 552 552 552 552 552 552 552 552 552 552 552 552 552 552 552 552 552 552 552 552 552 552 552 552 552 552 552 552 552 552 552 552 552 552 552 552 552 552 552 552 552 552 552 552 552 552
528 528 528 528 528 528 528 528 528 528 528 528 528 528 528 528 528 528 528 528 528 528 528 528 528 528 528 528 528 528 528 528 528 528 528 528 528 528 528 528 528 528 528 528 528 528 528 528 528 528 528 528 528 528 528 528 528 528 528 528 528 528 528 528 528 528 528 528 528 528 528 528 528 528 528 528 528 528 528 528 528 528 528 528 528 528 528 528 528 528 528 528 528 528 528 528 528 528 528 528 528
157 157 157 157 157 157 157 157 157 157 157 157 157 157 157 157 157 157 157 157 157 157 157 157 157 157 157 157 157 157 157 157 157 157 157 157 157 157 157 157 157 157 157 157 157 157 157 157 157 157 157 157 157 157 157 157 157 157 157 157 157 157 157 157 157 157 157 157 157 157 157 157 157 157 157 157 157 157 157 157 157 157 157 157 157 157 157 157 157 157 157 157 157 157 157 157 157 157 157 157 157
730 730 730 730 730 730 730 730 730 730 730 730 730 730 730 730 730 730 730 730 730 730 730 730 730 730 730 730 730 730 730 730 730 730 730 730 730 730 730 730 730 730 730 730 730 730 730 730 730 730 730 730 730 730 730 730 730 730 730 730 730 730 730 730 730 730 730 730 730 730 730 730 730 730 730 730 730 730 730 730 730 730 730 730 730 730 730 730 730 730 730 730 730 730 730 730 730 730 730 730 730
719 719 719 719 719 719 719 719 719 719 719 719 719 719 719 719 719 719 719 719 719 719 719 719 719 719 719 719 719 719 719 719 719 719 719 719 719 719 719 719 719 719 719 719 719 719 719 719 719 719 719 719 719 719 719 719 719 719 719 719 719 719 719 719 719 719 719 719 719 719 719 719 719 719 719 719 719 719 719 719 719 719 719 719 719 719 719 719 719 719 719 719 719 719 719 719 719 719 719 719 719
811 811 811 811 811 811 811 811 811 811 811 811 811 811 811 811 811 811 811 811 811 811 811 811 811 811 811 811 811 811 811 811 811 811 811 811 811 811 811 811 811 811 811 811 811 811 811 811 811 811 811 811 811 811 811 811 811 811 811 811 811 811 811 811 811 811 811 811 811 811 811 811 811 811 811 811 811 811 811 811 811 811 811 811 811 811 811 811 811 811 811 811 811 811 811 811 811 811 811 811 811
656 656 656 656 656 656 656 656 656 656 656 656 656 656 656 656 656 656 656 656 656 656 656 656 656 656 656 656 656 656 656 656 656 656 656 656 656 656 656 656 656 656 656 656 656 656 656 656 656 656 656 656 656 656 656 656 656 656 656 656 656 656 656 656 656 656 656 656 656 656 656 656 656 656 656 656 656 656 656 656 656 656 656 656 656 656 656 656 656 656 656 656 656 656 656 656 656 656 656 656 656
109 109 109 109 109 109 109 109 109 109 109 109 109 109 109 109 109 109 109 109 109 109 109 109 109 109 109 109 109 109 109 109 109 109 109 109 109 109 109 109 109 109 109 109 109 109 109 109 109 109 109 109 109 109 109 109 109 109 109 109 109 109 109 109 109 109 109 109 109 109 109 109 109 109 109 109 109 109 109 109 109 109 109 109 109 109 109 109 109 109 109 109 109 109 109 109 109 109 109 109 109
580 580 580 580 580 580 580 580 580 580 580 580 580 580 580 580 580 580 580 580 580 580 580 580 580 580 580 580 580 580 580 580 580 580 580 580 580 580 580 580 580 580 580 580 580 580 580 580 580 580 580 580 580 580 580 580 580 580 580 580 580 580 580 580 580 580 580 580 580 580 580 580 580 580 580 580 580 580 580 580 580 580 580 580 580 580 580 580 580 580 580 580 580 580 580 580 580 580 580 580 580
679 679 679 679 679 679 679 679 679 679 679 679 679 679 679 679 679 679 679 679 679 679 679 679 679 679 679 679 679 679 679 679 679 679 679 679 679 679 679 679 679 679 679 679 679 679 679 679 679 679 679 679 679 679 679 679 679 679 679 679 679 679 679 679 679 679 679 679 679 679 679 679 679 679 679 679 679 679 679 679 679 679 679 679 679 679 679 679 679 679 679 679 679 679 679 679 679 679 679 679 679
495 495 495 495 495 495 495 495 495 495 495 495 495 495 495 495 495 495 495 495 495 495 495 495 495 495 495 495 495 495 495 495 495 495 495 495 495 495 495 495 495 495 495 495 495 495 495 495 495 495 495 495 495 495 495 495 495 495 495 495 495 495 495 495 495 495 495 495 495 495 495 495 495 495 495 495 495 495 495 495 495 495 495 495 495 495 495 495 495 495 495 495 495 495 495 495 495 495 495 495 495
1120 1120 1120 1120 1120 1120 1120 1120 1120 1120 1120 1120 1120 1120 1120 1120 1120 1120 1120 1120 1120 1120 1120 1120 1120 1120 1120 1120 1120 1120 1120 1120 1120 1120 1120 1120 1120 1120 1120 1120 1120 1120 1120 1120 1120 1120 1120 1120 1120 1120 1120 1120 1120 1120 1120 1120 1120 1120 1120 1120 1120 1120 1120 1120 1120 1120 1120 1120 1120 1120 1120 1120 1120 1120 1120 1120 1120 1120 1120 1120 1120 1120 1120 1120 1120 1120 1120 1120 1120 1120 1120 1120 1120 1120 1120 1120 1120 1120 1120 1120 1120
1021 1021 1021 1021 1021 1021 1021 1021 1021 1021 1021 1021 1021 1021 1021 1021 1021 1021 1021 1021 1021 1021 1021 1021 1021 1021 1021 1021 1021 1021 1021 1021 1021 1021 1021 1021 1021 1021 1021 1021 1021 1021 1021 1021 1021 1021 1021 1021 1021 1021 1021 1021 1021 1021 1021 1021 1021 1021 1021 1021 1021 1021 1021 1021 1021 1021 1021 1021 1021 1021 1021 1021 1021 1021 1021 1021 1021 1021 1021 1021 1021 1021 1021 1021 1021 1021 1021 1021 1021 1021 1021 1021 1021 1021 1021 1021 1021 1021 1021 1021 1021
276 276 276 276 276 276 276 276 276 276 276 276 276 276 276 276 276 276 276 276 276 276 276 276 276 276 276 276 276 276 276 276 276 276 276 276 276 276 276 276 276 276 276 276 276 276 276 276 276 276 276 276 276 276 276 276 276 276 276 276 276 276 276 276 276 276 276 276 276 276 276 276 276 276 276 276 276 276 276 276 276 276 276 276 276 276 276 276 276 276 276 276 276 276 276 276 276 276 276 276 276
286 286 286 286 286 286 286 286 286 286 286 286 286 286 286 286 286 286 286 286 286 286 286 286 286 286 286 286 286 286 286 286 286 286 286 286 286 286 286 286 286 286 286 286 286 286 286 286 286 286 286 286 286 286 286 286 286 286 286 286 286 286 286 286 286 286 286 286 286 286 286 286 286 286 286 286 286 286 286 286 286 286 286 286 286 286 286 286 286 286 286 286 286 286 286 286 286 286 286 286 286
544 544 544 544 544 544 544 544 544 544 544 544 544 544 544 544 544 544 544 544 544 544 544 544 544 544 544 544 544 544 544 544 544 544 544 544 544 544 544 544 544 544 544 544 544 544 544 544 544 544 544 544 544 544 544 544 544 544 544 544 544 544 544 544 544 544 544 544 544 544 544 544 544 544 544 544 544 544 544 544 544 544 544 544 544 544 544 544 544 544 544 544 544 544 544 544 544 544 544 544 544
563 563 563 563 563 563 563 563 563 563 563 563 563 563 563 563 563 563 563 563 563 563 563 563 563 563 563 563 563 563 563 563 563 563 563 563 563 563 563 563 563 563 563 563 563 563 563 563 563 563 563 563 563 563 563 563 563 563 563 563 563 563 563 563 563 563 563 563 563 563 563 563 563 563 563 563 563 563 563 563 563 563 563 563 563 563 563 563 563 563 563 563 563 563 563 563 563 563 563 563 563
92 92 92 92 92 92 92 92 92 92 92 92 92 92 92 92 92 92 92 92 92 92 92 92 92 92 92 92 92 92 92 92 92 92 92 92 92 92 92 92 92 92 92 92 92 92 92 92 92 92 92 92 92 92 92 92 92 92 92 92 92 92 92 92 92 92 92 92 92 92 92 92 92 92 92 92 92 92 92 92 92 92 92 92 92 92 92 92 92 92 92 92 92 92 92 92 92 92 92 92 92
946 946 946 946 946 946 946 946 946 946 946 946 946 946 946 946 946 946 946 946 946 946 946 946 946 946 946 946 946 946 946 946 946 946 946 946 946 946 946 946 946 946 946 946 946 946 946 946 946 946 946 946 946 946 946 946 946 946 946 946 946 946 946 946 946 946 946 946 946 946 946 946 946 946 946 946 946 946 946 946 946 946 946 946 946 946 946 946 946 946 946 946 946 946 946 946 946 946 946 946 946
351 351 351 351 351 351 351 351 351 351 351 351 351 351 351 351 351 351 351 351 351 351 351 351 351 351 351 351 351 351 351 351 351 351 351 351 351 351 351 351 351 351 351 351 351 351 351 351 351 351 351 351 351 351 351 351 351 351 351 351 351 351 351 351 351 351 351 351 351 351 351 351 351 351 351 351 351 351 351 351 351 351 351 351 351 351 351 351 351 351 351 351 351 351 351 351 351 351 351 351 351
1006 1006 1006 1006 1006 1006 1006 1006 1006 1006 1006 1006 1006 1006 1006 1006 1006 1006 1006 1006 1006 1006 1006 1006 1006 1006 1006 1006 1006 1006 1006 1006 1006 1006 1006 1006 1006 1006 1006 1006 1006 1006 1006 1006 1006 1006 1006 1006 1006 1006 1006 1006 1006 1006 1006 1006 1006 1006 1006 1006 1006 1006 1006 1006 1006 1006 1006 1006 1006 1006 1006 1006 1006 1006 1006 1006 1006 1006 1006 1006 1006 1006 1006 1006 1006 1006 1006 1006 1006 1006 1006 1006 1006 1006 1006 1006 1006 1006 1006 1006 1006
131 131 131 131 131 131 131 131 131 131 131 131 131 131 131 131 131 131 131 131 131 131 131 131 131 131 131 131 131 131 131 131 131 131 131 131 131 131 131 131 131 131 131 131 131 131 131 131 131 131 131 131 131 131 131 131 131 131 131 131 131 131 131 131 131 131 131 131 131 131 131 131 131 131 131 131 131 131 131 131 131 131 131 131 131 131 131 131 131 131 131 131 131 131 131 131 131 131 131 131 131
141 141 141 141 141 141 141 141 141 141 141 141 141 141 141 141 141 141 141 141 141 141 141 141 141 141 141 141 141 141 141 141 141 141 141 141 141 141 141 141 141 141 141 141 141 141 141 141 141 141 141 141 141 141 141 141 141 141 141 141 141 141 141 141 141 141 141 141 141 141 141 141 141 141 141 141 141 141 141 141 141 141 141 141 141 141 141 141 141 141 141 141 141 141 141 141 141 141 141 141 141
692 692 692 692 692 692 692 692 692 692 692 692 692 692 692 692 692 692 692 692 692 692 692 692 692 692 692 692 692 692 692 692 692 692 692 692 692 692 692 692 692 692 692 692 692 692 692 692 692 692 692 692 692 692 692 692 692 692 692 692 692 692 692 692 692 692 692 692 692 692 692 692 692 692 692 692 692 692 692 692 692 692 692 692 692 692 692 692 692 692 692 692 692 692 692 692 692 692 692 692 692
251 251 251 251 251 251 251 251 251 251 251 251 251 251 251 251 251 251 251 251 251 251 251 251 251 251 251 251 251 251 251 251 251 251 251 251 251 251 251 251 251 251 251 251 251 251 251 251 251 251 251 251 251 251 251 251 251 251 251 251 251 251 251 251 251 251 251 251 251 251 251 251 251 251 251 251 251 251 251 251 251 251 251 251 251 251 251 251 251 251 251 251 251 251 251 251 251 251 251 251 251
851 851 851 851 851 851 851 851 851 851 851 851 851 851 851 851 851 851 851 851 851 851 851 851 851 851 851 851 851 851 851 851 851 851 851 851 851 851 851 851 851 851 851 851 851 851 851 851 851 851 851 851 851 851 851 851 851 851 851 851 851 851 851 851 851 851 851 851 851 851 851 851 851 851 851 851 851 851 851 851 851 851 851 851 851 851 851 851 851 851 851 851 851 851 851 851 851 851 851 851 851
1126 1126 1126 1126 1126 1126 1126 1126 1126 1126 1126 1126 1126 1126 1126 1126 1126 1126 1126 1126 1126 1126 1126 1126 1126 1126 1126 1126 1126 1126 1126 1126 1126 1126 1126 1126 1126 1126 1126 1126 1126 1126 1126 1126 1126 1126 1126 1126 1126 1126 1126 1126 1126 1126 1126 1126 1126 1126 1126 1126 1126 1126 1126 1126 1126 1126 1126 1126 1126 1126 1126 1126 1126 1126 1126 1126 1126 1126 1126 1126 1126 1126 1126 1126 1126 1126 1126 1126 1126 1126 1126 1126 1126 1126 1126 1126 1126 1126 1126 1126 1126
252 252 252 252 252 252 252 252 252 252 252 252 252 252 252 252 252 252 252 252 252 252 252 252 252 252 252 252 252 252 252 252 252 252 252 252 252 252 252 252 252 252 252 252 252 252 252 252 252 252 252 252 252 252 252 252 252 252 252 252 252 252 252 252 252 252 252 252 252 252 252 252 252 252 252 252 252 252 252 252 252 252 252 252 252 252 252 252 252 252 252 252 252 252 252 252 252 252 252 252 252
1191 1191 1191 1191 1191 1191 1191 1191 1191 1191 1191 1191 1191 1191 1191 1191 1191 1191 1191 1191 1191 1191 1191 1191 1191 1191 1191 1191 1191 1191 1191 1191 1191 1191 1191 1191 1191 1191 1191 1191 1191 1191 1191 1191 1191 1191 1191 1191 1191 1191 1191 1191 1191 1191 1191 1191 1191 1191 1191 1191 1191 1191 1191 1191 1191 1191 1191 1191 1191 1191 1191 1191 1191 1191 1191 1191 1191 1191 1191 1191 1191 1191 1191 1191 1191 1191 1191 1191 1191 1191 1191 1191 1191 1191 1191 1191 1191 1191 1191 1191 1191
1147 1147 1147 1147 1147 1147 1147 1147 1147 1147 1147 1147 1147 1147 1147 1147 1147 1147 1147 1147 1147 1147 1147 1147 1147 1147 1147 1147 1147 1147 1147 1147 1147 1147 1147 1147 1147 1147 1147 1147 1147 1147 1147 1147 1147 1147 1147 1147 1147 1147 1147 1147 1147 1147 1147 1147 1147 1147 1147 1147 1147 1147 1147 1147 1147 1147 1147 1147 1147 1147 1147 1147 1147 1147 1147 1147 1147 1147 1147 1147 1147 1147 1147 1147 1147 1147 1147 1147 1147 1147 1147 1147 1147 1147 1147 1147 1147 1147 1147 1147 1147
1059 1059 1059 1059 1059 1059 1059 1059 1059 1059 1059 1059 1059 1059 1059 1059 1059 1059 1059 1059 1059 1059 1059 1059 1059 1059 1059 1059 1059 1059 1059 1059 1059 1059 1059 1059 1059 1059 1059 1059 1059 1059 1059 1059 1059 1059 1059 1059 1059 1059 1059 1059 1059 1059 1059 1059 1059 1059 1059 1059 1059 1059 1059 1059 1059 1059 1059 1059 1059 1059 1059 1059 1059 1059 1059 1059 1059 1059 1059 1059 1059 1059 1059 1059 1059 1059 1059 1059 1059 1059 1059 1059 1059 1059 1059 1059 1059 1059 1059 1059 1059
612 612 612 612 612 612 612 612 612 612 612 612 612 612 612 612 612 612 612 612 612 612 612 612 612 612 612 612 612 612 612 612 612 612 612 612 612 612 612 612 612 612 612 612 612 612 612 612 612 612 612 612 612 612 612 612 612 612 612 612 612 612 612 612 612 612 612 612 612 612 612 612 612 612 612 612 612 612 612 612 612 612 612 612 612 612 612 612 612 612 612 612 612 612 612 612 612 612 612 612 612
359 359 359 359 359 359 359 359 359 359 359 359 359 359 359 359 359 359 359 359 359 359 359 359 359 359 359 359 359 359 359 359 359 359 359 359 359 359 359 359 359 359 359 359 359 359 359 359 359 359 359 359 359 359 359 359 359 359 359 359 359 359 359 359 359 359 359 359 359 359 359 359 359 359 359 359 359 359 359 359 359 359 359 359 359 359 359 359 359 359 359 359 359 359 359 359 359 359 359 359 359
892 892 892 892 892 892 892 892 892 892 892 892 892 892 892 892 892 892 892 892 892 892 892 892 892 892 892 892 892 892 892 892 892 892 892 892 892 892 892 892 892 892 892 892 892 892 892 892 892 892 892 892 892 892 892 892 892 892 892 892 892 892 892 892 892 892 892 892 892 892 892 892 892 892 892 892 892 892 892 892 892 892 892 892 892 892 892 892 892 892 892 892 892 892 892 892 892 892 892 892 892
420 420 420 420 420 420 420 420 420 420 420 420 420 420 420 420 420 420 420 420 420 420 420 420 420 420 420 420 420 420 420 420 420 420 420 420 420 420 420 420 420 420 420 420 420 420 420 420 420 420 420 420 420 420 420 420 420 420 420 420 420 420 420 420 420 420 420 420 420 420 420 420 420 420 420 420 420 420 420 420 420 420 420 420 420 420 420 420 420 420 420 420 420 420 420 420 420 420 420 420 420
663 663 663 663 663 663 663 663 663 663 663 663 663 663 663 663 663 663 663 663 663 663 663 663 663 663 663 663 663 663 663 663 663 663 663 663 663 663 663 663 663 663 663 663 663 663 663 663 663 663 663 663 663 663 663 663 663 663 663 663 663 663 663 663 663 663 663 663 663 663 663 663 663 663 663 663 663 663 663 663 663 663 663 663 663 663 663 663 663 663 663 663 663 663 663 663 663 663 663 663 663
44 44 44 44 44 44 44 44 44 44 44 44 44 44 44 44 44 44 44 44 44 44 44 44 44 44 44 44 44 44 44 44 44 44 44 44 44 44 44 44 44 44 44 44 44 44 44 44 44 44 44 44 44 44 44 44 44 44 44 44 44 44 44 44 44 44 44 44 44 44 44 44 44 44 44 44 44 44 44 44 44 44 44 44 44 44 44 44 44 44 44 44 44 44 44 44 44 44 44 44 44
618 618 618 618 618 618 618 618 618 618 618 618 618 618 618 618 618 618 618 618 618 618 618 618 618 618 618 618 618 618 618 618 618 618 618 618 618 618 618 618 618 618 618 618 618 618 618 618 618 618 618 618 618 618 618 618 618 618 618 618 618 618 618 618 618 618 618 618 618 618 618 618 618 618 618 618 618 618 618 618 618 618 618 618 618 618 618 618 618 618 618 618 618 618 618 618 618 618 618 618 618
607 607 607 607 607 607 607 607 607 607 607 607 607 607 607 607 607 607 607 607 607 607 607 607 607 607 607 607 607 607 607 607 607 607 607 607 607 607 607 607 607 607 607 607 607 607 607 607 607 607 607 607 607 607 607 607 607 607 607 607 607 607 607 607 607 607 607 607 607 607 607 607 608 608 608 608 608 608 608 608 608 608 608 608 608 608 608 608 608 608 608 608 608 608 608 608 608 608 608 608 608
693 693 693 693 693 693 693 693 693 693 693 693 693 693 693 693 693 693 693 693 693 693 693 693 693 693 693 693 693 693 693 693 693 693 693 693 693 693 693 693 693 693 693 693 693 693 693 693 693 693 693 693 693 693 693 693 693 693 693 693 693 693 693 693 693 693 693 693 693 693 693 693 693 693 693 693 693 693 693 693 693 693 693 693 693 693 693 693 693 693 693 693 693 693 693 693 693 693 693 693 693
836 836 836 836 836 836 836 836 836 836 836 836 836 836 836 836 836 836 836 836 836 836 836 836 836 836 836 836 836 836 836 836 836 836 836 836 836 836 836 836 836 836 836 836 836 836 836 836 836 836 836 836 836 836 836 836 836 836 836 836 836 836 836 836 836 836 836 836 836 836 836 836 836 836 836 836 836 836 836 836 836 836 836 836 836 836 836 836 836 836 836 836 836 836 836 836 836 836 836 836 836
856 856 856 856 856 856 856 856 856 856 856 856 856 856 856 856 856 856 856 856 856 856 856 856 856 856 856 856 856 857 857 857 857 857 857 857 857 857 857 857 857 857 857 857 857 857 857 857 857 857 857 857 857 857 857 857 857 857 857 857 857 857 857 857 857 857 857 857 857 857 857 857 857 857 857 857 857 857 857 857 857 857 857 857 857 857 857 857 857 857 857 857 857 857 857 857 857 857 857 857 857
522 522 522 522 522 522 522 522 522 522 522 522 522 522 522 522 522 522 522 522 522 522 522 522 522 522 522 522 522 522 522 522 522 522 522 522 522 522 522 522 522 522 522 522 522 522 522 522 522 522 522 522 522 522 522 522 522 522 522 522 522 522 522 522 522 522 522 522 522 522 522 522 522 522 522 522 522 522 522 522 522 522 522 522 522 522 522 522 522 522 522 522 522 522 522 522 522 522 522 522 522
530 530 530 530 530 530 530 530 530 530 530 530 530 530 530 530 530 530 530 530 530 530 530 530 530 530 530 530 530 530 530 530 530 530 530 530 530 530 530 530 530 530 530 530 530 530 530 530 530 530 530 530 530 530 530 530 530 530 530 530 530 530 530 530 530 530 530 530 530 530 530 530 530 530 530 530 530 530 530 530 530 530 530 530 530 530 530 530 530 530 530 530 530 530 530 530 530 530 530 530 530
582 582 582 582 582 582 582 582 582 582 582 582 582 582 582 582 582 582 582 582 582 582 582 582 582 582 582 582 582 582 582 582 582 582 582 582 582 582 582 582 582 582 582 582 582 582 582 582 582 582 582 582 582 582 582 582 582 582 582 582 582 582 582 582 582 582 582 582 582 582 582 582 582 582 582 582 582 582 582 582 582 582 582 582 582 582 582 582 582 582 582 582 582 582 582 582 582 582 582 582 582
381 381 381 381 381 381 381 381 381 381 381 381 381 381 381 381 381 381 381 381 381 381 381 381 381 381 381 381 381 381 381 381 381 381 381 381 381 381 381 381 381 381 381 381 381 381 381 381 381 381 381 381 381 381 381 381 381 381 381 381 381 381 381 381 381 381 381 381 381 381 381 381 381 381 381 381 381 381 381 381 381 381 381 381 381 381 381 381 381 381 381 381 381 381 381 381 381 381 381 381 381
255 255 255 255 255 255 255 255 255 255 255 255 255 255 255 255 255 255 255 255 255 255 255 255 255 255 255 255 255 255 255 255 255 255 255 255 255 255 255 255 255 255 255 255 255 255 255 255 255 255 255 255 255 255 255 255 255 255 255 255 255 255 255 255 255 255 255 255 255 255 255 255 255 255 255 255 255 255 255 255 255 255 255 255 255 255 255 255 255 255 255 255 255 255 255 255 255 255 255 255 255
556 556 556 556 556 556 556 556 556 556 556 556 556 556 556 556 556 556 556 556 556 556 556 556 556 556 556 556 556 556 556 556 556 556 556 556 556 556 556 556 556 556 556 556 556 556 556 556 556 556 556 556 556 556 556 556 556 556 556 556 556 556 556 556 556 556 556 556 556 556 556 556 556 556 556 556 556 556 556 556 556 556 556 556 556 556 556 556 556 556 556 556 556 556 556 556 556 556 556 556 556
296 296 296 296 296 296 296 296 296 296 296 296 296 296 296 296 296 296 296 296 296 296 296 296 296 296 296 296 296 296 296 296 296 296 296 296 296 296 296 296 296 296 296 296 296 296 296 296 296 296 296 296 296 296 296 296 296 296 296 296 296 296 296 296 296 296 296 296 296 296 296 296 296 296 296 296 296 296 296 296 296 296 296 296 296 296 296 296 296 296 296 296 296 296 296 296 296 296 296 296 296
727 727 727 727 727 727 727 727 727 727 727 727 727 727 727 727 727 727 727 727 727 727 727 727 727 727 727 727 727 727 727 727 727 727 727 727 727 727 727 727 727 727 727 727 727 727 727 727 727 727 727 727 727 727 727 727 727 727 727 727 727 727 727 727 727 727 727 727 727 727 727 727 727 727 727 727 727 727 727 727 727 727 727 727 727 727 727 727 727 727 727 727 727 727 727 727 727 727 727 727 727
588 588 588 588 588 588 588 588 588 588 588 588 588 588 588 588 588 588 588 588 588 588 588 588 588 588 588 588 588 588 588 588 588 588 588 588 588 588 588 588 588 588 588 588 588 588 588 588 588 588 588 588 588 588 588 588 588 588 588 588 588 588 588 588 588 588 588 588 588 588 588 588 588 588 588 588 588 588 588 588 588 588 588 588 588 588 588 588 588 588 588 588 588 588 588 588 588 588 588 588 588
686 686 686 686 686 686 686 686 686 686 686 686 686 686 686 686 686 686 686 686 686 686 686 686 686 686 686 686 686 686 686 686 686 686 686 686 686 686 686 686 686 686 686 686 686 686 686 686 686 686 686 686 686 686 686 686 686 686 686 686 686 686 686 686 686 686 686 686 686 686 686 686 686 686 686 686 686 686 686 686 686 686 686 686 686 686 686 686 686 686 686 686 686 686 686 686 686 686 686 686 686
1136 1136 1136 1136 1136 1136 1136 1136 1136 1136 1136 1136 1136 1136 1136 1136 1136 1136 1136 1136 1136 1136 1136 1136 1136 1136 1136 1136 1136 1136 1136 1136 1136 1136 1136 1136 1136 1136 1136 1136 1136 1136 1136 1136 1136 1136 1136 1136 1136 1136 1136 1136 1136 1136 1136 1136 1136 1136 1136 1136 1136 1136 1136 1136 1136 1136 1136 1136 1136 1136 1136 1136 1136 1136 1136 1136 1136 1136 1136 1136 1136 1136 1136 1136 1136 1136 1136 1136 1136 1136 1136 1136 1136 1136 1136 1136 1136 1136 1136 1136 1136
416 416 416 416 416 416 416 416 416 416 416 416 416 416 416 416 416 416 416 416 416 416 416 416 416 416 416 416 416 416 416 416 416 416 416 416 416 416 416 416 416 416 416 416 416 416 416 416 416 416 416 416 416 416 416 416 416 416 416 416 416 416 417 417 417 417 417 417 417 417 417 417 417 417 417 417 417 417 417 417 417 417 417 417 417 417 417 417 417 417 417 417 417 417 417 417 417 417 417 417 417
867 867 867 867 867 867 867 867 867 867 867 867 867 867 867 867 867 867 867 867 867 867 867 867 867 867 867 867 867 867 867 867 867 867 867 867 867 867 867 867 867 867 867 867 867 867 867 867 867 867 867 867 867 867 867 867 867 867 867 867 867 867 867 867 867 867 867 867 867 867 867 867 867 867 867 867 867 867 867 867 867 867 867 867 867 867 867 867 867 867 867 867 867 867 867 867 867 867 867 867 867
1127 1127 1127 1127 1127 1127 1127 1127 1127 1127 1127 1127 1127 1127 1127 1127 1127 1127 1127 1127 1127 1127 1127 1127 1127 1127 1127 1127 1127 1127 1127 1127 1127 1127 1127 1127 1127 1127 1127 1127 1127 1127 1127 1127 1127 1127 1127 1127 1127 1127 1127 1127 1127 1127 1127 1127 1127 1127 1127 1127 1127 1127 1127 1127 1127 1127 1127 1127 1127 1127 1127 1127 1127 1127 1127 1127 1127 1127 1127 1127 1127 1127 1127 1127 1127 1127 1127 1127 1127 1127 1127 1127 1127 1127 1127 1127 1127 1127 1127 1127 1127
693 693 693 693 693 693 693 693 693 693 693 693 693 693 693 693 693 693 693 693 693 693 693 693 693 693 693 693 693 693 693 693 693 693 693 693 693 693 693 693 693 693 693 693 693 693 693 693 693 693 693 693 693 693 693 693 693 693 693 693 693 693 693 693 693 693 693 693 693 693 693 693 693 693 693 693 693 693 693 693 693 693 693 693 693 693 693 693 693 693 693 693 693 693 693 693 693 693 693 693 693
615 615 615 615 615 615 615 615 615 615 615 615 615 615 615 615 615 615 615 615 615 615 615 615 615 615 615 615 615 615 615 615 615 615 615 615 615 615 615 615 615 615 615 615 615 615 615 615 615 615 615 615 615 615 615 615 615 615 615 615 615 615 615 615 615 615 615 615 615 615 615 615 615 615 615 615 615 615 615 615 615 615 615 615 615 615 615 615 615 615 615 615 615 615 615 615 615 615 615 615 615
127 127 127 127 127 127 127 127 127 127 127 127 127 127 127 127 127 127 127 127 127 127 127 127 127 127 127 127 127 127 127 127 127 127 127 127 127 127 127 127 127 127 127 127 127 127 127 127 127 127 127 127 127 127 127 127 127 127 127 127 127 127 127 127 127 127 127 127 127 127 127 127 127 127 127 127 127 127 127 127 127 127 127 127 127 127 127 127 127 127 127 127 127 127 127 127 127 127 127 127 127
719 719 719 719 719 719 719 719 719 719 719 719 719 719 719 719 719 719 719 719 719 719 719 719 719 719 719 719 719 719 719 719 719 719 719 719 719 719 719 719 719 719 719 719 719 719 719 719 719 719 719 719 719 719 719 719 719 719 719 719 719 719 719 719 719 719 719 719 719 719 719 719 719 719 719 719 719 719 719 719 719 719 719 719 719 719 719 719 719 719 719 719 719 719 719 719 719 719 719 719 719
1103 1103 1103 1103 1103 1103 1103 1103 1103 1103 1103 1103 1103 1103 1103 1103 1103 1103 1103 1103 1103 1103 1103 1103 1103 1103 1103 1103 1103 1103 1103 1103 1103 1103 1103 1103 1103 1103 1103 1103 1103 1103 1103 1103 1103 1103 1103 1103 1103 1103 1103 1103 1103 1103 1103 1103 1103 1103 1103 1103 1103 1103 1103 1103 1103 1103 1103 1103 1103 1103 1103 1103 1103 1103 1103 1103 1103 1103 1103 1103 1103 1103 1103 1103 1103 1103 1103 1103 1103 1103 1103 1103 1103 1103 1103 1103 1103 1103 1103 1103 1103
973 973 973 973 973 973 973 973 973 973 973 973 973 973 973 973 973 973 973 973 973 973 973 973 973 973 973 973 973 973 973 973 973 973 973 973 973 973 973 973 973 973 973 973 973 973 973 973 973 973 973 973 973 973 973 973 973 973 973 973 973 973 973 973 973 973 973 973 973 973 973 973 973 973 973 973 973 973 973 973 973 973 973 973 973 973 973 973 973 973 973 973 973 973 973 973 973 973 973 973 973
110 110 110 110 110 110 110 110 110 110 110 110 110 110 110 110 110 110 110 110 110 110 111 111 111 111 111 111 111 111 111 111 111 111 111 111 111 111 111 111 111 111 111 111 111 111 111 111 111 111 111 111 111 111 111 111 111 111 111 111 111 111 111 111 111 111 111 111 111 111 111 111 111 111 111 111 111 111 111 111 111 111 111 111 111 111 111 111 111 111 111 111 111 111 111 111 111 111 111 111 111
187 187 187 187 187 187 187 187 187 187 187 187 187 187 187 187 187 187 187 187 187 187 187 187 187 187 187 187 187 187 187 187 187 187 187 187 187 187 187 187 187 187 187 187 187 187 187 187 187 187 187 187 187 187 187 187 187 187 187 187 187 187 187 187 187 187 187 187 187 187 187 187 187 187 187 187 187 187 187 187 187 187 187 187 187 187 187 187 187 187 187 187 187 187 187 187 187 187 187 187 187
454 454 454 454 454 454 454 454 454 454 454 454 454 454 454 454 454 454 454 454 454 454 454 454 454 454 454 454 454 454 454 454 454 454 454 454 454 454 454 454 454 454 454 454 454 454 454 454 454 454 454 454 454 454 454 454 454 454 454 454 454 454 454 454 454 454 454 454 454 454 454 454 454 454 454 454 454 454 454 454 454 454 454 454 454 454 454 454 454 454 454 454 454 454 454 454 454 454 454 454 454
321 321 321 321 321 321 321 321 321 321 321 321 321 321 321 321 321 321 321 321 321 321 321 321 321 321 321 321 321 321 321 321 321 321 321 321 321 321 321 321 321 321 321 321 321 321 321 321 321 321 321 321 321 321 321 321 321 321 321 321 321 321 321 321 321 321 321 321 321 321 321 321 321 321 321 321 321 321 321 321 321 321 321 321 321 321 321 321 321 321 321 321 321 321 321 321 321 321 321 321 321
1174 1174 1174 1174 1174 1174 1174 1174 1174 1174 1174 1174 1174 1174 1174 1174 1174 1174 1174 1174 1174 1174 1174 1174 1174 1174 1174 1174 1174 1174 1174 1174 1174 1174 1174 1174 1174 1174 1174 1174 1174 1174 1174 1174 1174 1174 1174 1174 1174 1174 1174 1174 1174 1174 1174 1174 1174 1174 1174 1174 1174 1174 1174 1174 1174 1174 1174 1174 1174 1174 1174 1174 1174 1174 1174 1174 1174 1174 1174 1174 1174 1174 1174 1174 1174 1174 1174 1174 1174 1174 1174 1174 1174 1174 1174 1174 1174 1174 1174 1174 1174
806 806 806 806 806 806 806 806 806 806 806 806 806 806 806 806 806 806 806 806 806 806 806 806 806 806 806 806 806 806 806 806 806 806 806 806 806 806 806 806 806 806 806 806 806 806 806 806 806 806 806 806 806 806 806 806 806 806 806 806 806 806 806 806 806 806 806 806 806 806 806 806 806 806 806 806 806 806 806 806 806 806 806 806 806 806 806 806 806 806 806 806 806 806 806 806 806 806 806 806 806
942 942 942 942 942 942 942 942 942 942 942 942 942 942 942 942 942 942 942 942 942 942 942 942 942 942 942 942 942 942 942 942 942 942 942 942 943 943 943 943 943 943 943 943 943 943 943 943 943 943 943 943 943 943 943 943 943 943 943 943 943 943 943 943 943 943 943 943 943 943 943 943 943 943 943 943 943 943 943 943 943 943 943 943 943 943 943 943 943 943 943 943 943 943 943 943 943 943 943 943 943
381 381 381 381 381 381 381 381 381 381 381 381 381 381 381 381 381 381 381 381 381 381 381 381 381 381 381 381 381 381 381 381 381 381 381 381 381 381 381 381 381 381 381 381 381 381 381 381 381 381 381 381 381 381 381 381 381 381 381 381 381 381 381 381 381 381 381 381 381 381 381 381 381 381 381 381 381 381 381 381 381 381 381 381 381 381 381 381 381 381 381 381 381 381 381 381 381 381 381 381 381
524 524 524 524 524 524 524 524 524 524 524 524 524 524 524 524 524 524 524 524 524 524 524 524 524 524 524 524 524 524 524 524 524 524 524 524 524 524 524 524 524 524 524 524 524 524 524 524 524 524 524 524 524 524 524 524 524 524 524 524 524 524 524 524 524 524 524 524 524 524 524 524 524 524 524 524 524 524 524 524 524 524 524 524 524 524 524 524 524 524 524 524 524 524 524 524 524 524 524 524 524
923 923 923 923 923 923 923 923 923 923 923 923 923 923 923 923 923 923 923 923 923 923 923 923 923 923 923 923 923 923 923 923 923 923 923 923 923 923 923 923 923 923 923 923 923 923 923 923 923 923 923 923 923 923 923 923 923 923 923 923 923 923 923 923 923 923 923 923 923 923 923 923 923 923 923 923 923 923 923 923 923 923 923 923 923 923 923 923 923 923 923 923 923 923 923 923 923 923 923 923 923
533 533 533 533 533 533 533 533 533 533 533 533 533 533 533 533 533 533 533 533 533 533 533 533 533 533 533 533 533 533 533 533 533 533 533 533 533 533 533 533 533 533 533 533 533 533 533 533 533 533 533 533 533 533 533 533 533 533 533 533 533 533 533 533 533 533 533 533 533 533 533 533 533 533 533 533 533 533 533 533 533 533 533 533 533 533 533 533 533 533 533 533 533 533 533 533 533 533 533 533 533
909 909 909 909 909 909 909 909 909 909 909 909 909 909 909 909 909 909 909 909 909 909 909 909 909 909 909 909 909 909 909 909 909 909 909 909 909 909 909 909 909 909 909 909 909 909 909 909 909 909 909 909 909 909 909 909 909 909 909 909 909 909 909 909 909 909 909 909 909 909 909 909 909 909 909 909 909 909 909 909 909 909 909 909 909 909 909 909 909 909 909 909 909 909 909 909 909 909 909 909 909
801 801 801 801 801 801 801 801 801 801 801 801 801 801 801 801 801 801 801 801 801 801 801 801 801 801 801 801 801 801 801 801 801 801 801 801 801 801 801 801 801 801 801 801 801 801 801 801 801 801 801 801 801 801 801 801 801 801 801 801 801 801 801 801 801 801 801 801 801 801 801 801 801 801 801 801 801 801 801 801 801 801 801 801 801 801 801 801 801 801 801 801 801 801 801 801 801 801 801 801 801
1044 1044 1044 1044 1044 1044 1044 1044 1044 1044 1044 1044 1044 1044 1044 1044 1044 1044 1044 1044 1044 1044 1044 1044 1044 1044 1044 1044 1044 1044 1044 1044 1044 1044 1044 1044 1044 1044 1044 1044 1044 1044 1044 1044 1044 1044 1044 1044 1044 1044 1044 1044 1044 1044 1044 1044 1044 1044 1044 1044 1044 1044 1044 1044 1044 1044 1044 1044 1044 1044 1044 1044 1044 1044 1044 1044 1044 1044 1044 1044 1044 1044 1044 1044 1044 1044 1044 1044 1044 1044 1044 1044 1044 1044 1044 1044 1044 1044 1044 1044 1044
843 843 843 843 843 843 843 843 843 843 843 843 843 843 843 843 843 843 843 843 843 843 843 843 843 843 843 843 843 843 843 843 843 843 843 843 843 843 843 843 843 843 843 843 843 843 843 843 843 843 843 843 843 843 843 843 843 843 843 843 843 843 843 843 843 843 843 843 843 843 843 843 843 843 843 843 843 843 843 843 843 843 843 843 843 843 843 843 843 843 843 843 843 843 843 843 843 843 843 843 843
549 549 549 549 549 549 549 549 549 549 549 549 549 549 549 549 549 549 549 549 549 549 549 549 549 549 549 549 549 549 549 549 549 549 549 549 549 549 549 549 549 549 549 549 549 549 549 549 549 549 549 549 549 549 549 549 549 549 549 549 549 549 549 549 549 549 549 549 549 549 549 549 549 549 549 549 549 549 549 549 549 549 549 549 549 549 549 549 549 549 549 549 549 549 549 549 549 549 549 549 549
1143 1143 1143 1143 1143 1143 1143 1143 1143 1143 1143 1143 1143 1143 1143 1143 1143 1143 1143 1143 1143 1143 1143 1143 1143 1143 1143 1143 1143 1143 1143 1143 1143 1143 1143 1143 1143 1143 1143 1143 1143 1143 1143 1143 1143 1143 1143 1143 1143 1143 1143 1143 1143 1143 1143 1143 1143 1143 1143 1143 1143 1143 1143 1143 1143 1143 1143 1143 1143 1143 1143 1143 1143 1143 1143 1143 1143 1143 1143 1143 1143 1143 1143 1143 1143 1143 1143 1143 1143 1143 1143 1143 1143 1143 1143 1143 1143 1143 1143 1143 1143
630 630 630 630 630 630 630 630 630 630 630 630 630 630 630 630 630 630 630 630 630 630 630 630 630 630 630 630 630 630 630 630 630 630 630 630 630 630 630 630 630 630 630 630 630 630 630 630 630 630 630 630 630 630 630 630 630 630 630 630 630 630 630 630 630 630 630 630 630 630 630 630 630 630 630 630 630 630 630 630 630 630 630 630 630 630 630 630 630 630 630 630 630 630 630 630 630 630 630 630 630
662 662 662 662 662 662 662 662 662 662 662 662 662 662 662 662 662 662 662 662 662 662 662 662 662 662 662 662 662 662 662 662 662 662 662 662 662 662 662 662 662 662 662 662 662 662 662 662 662 662 662 662 662 662 662 662 662 662 662 662 662 662 662 662 662 662 662 662 662 662 662 662 662 662 662 662 662 662 662 662 662 662 662 662 662 662 662 662 662 662 662 662 662 662 662 662 662 662 662 662 662
496 496 496 496 496 496 496 496 496 496 496 496 496 496 496 496 496 496 496 496 496 496 496 496 496 496 496 496 496 496 496 496 496 496 496 496 496 496 496 496 496 496 496 496 496 496 496 496 496 496 496 496 496 496 496 496 496 496 496 496 496 496 496 496 496 496 496 496 496 496 496 496 496 496 496 496 496 496 496 496 496 496 496 496 496 496 496 496 496 496 496 496 496 496 496 496 496 496 496 496 496
904 904 904 904 904 904 904 904 904 904 904 904 904 904 904 904 904 904 904 904 904 904 904 904 904 904 904 904 904 904 904 904 904 904 904 904 904 904 904 904 904 904 904 904 904 904 904 904 904 904 904 904 904 904 904 904 904 904 904 904 904 904 904 904 904 904 904 904 904 904 904 904 904 904 904 904 904 904 904 904 904 904 904 904 904 904 904 904 904 904 904 904 904 904 904 904 904 904 904 904 904
59 59 59 59 59 59 59 59 59 59 59 59 59 59 59 59 59 59 59 59 59 59 59 59 59 59 59 59 59 59 59 59 59 59 59 59 59 59 59 59 59 59 59 59 59 59 59 59 59 59 59 59 59 59 59 59 59 59 59 59 59 59 59 59 59 59 59 59 59 59 59 59 59 59 59 59 59 59 59 59 59 59 59 59 59 59 59 59 59 59 59 59 59 59 59 59 59 59 59 59 59
210 210 210 210 210 210 210 210 210 210 210 210 210 210 210 210 210 210 210 210 210 210 210 210 210 210 210 210 210 210 210 210 210 210 210 210 210 210 210 210 210 210 210 210 210 210 210 210 210 210 210 210 210 210 210 210 210 210 210 210 210 210 210 210 210 210 210 210 210 210 210 210 210 210 210 210 210 210 210 210 210 210 210 210 210 210 210 210 210 210 210 210 210 210 210 210 210 210 210 210 210
83 83 83 83 83 83 83 83 83 83 83 83 83 83 83 83 83 83 83 83 83 83 83 83 83 83 83 83 83 83 83 83 83 83 83 83 83 83 83 83 83 83 83 83 83 83 83 83 83 83 83 83 83 83 83 83 83 83 83 83 83 83 83 83 83 83 83 83 83 83 83 83 83 83 83 83 83 83 83 83 83 83 83 83 83 83 83 83 83 83 83 83 83 83 83 83 83 83 83 83 83
412 412 412 412 412 412 412 412 412 412 412 412 412 412 412 412 412 412 412 412 412 412 412 412 412 412 412 412 412 412 412 412 412 412 412 412 412 412 412 412 412 412 412 412 412 412 412 412 412 412 412 412 412 412 412 412 412 412 412 412 412 412 412 412 412 412 412 412 412 412 412 412 412 412 412 412 412 412 412 412 412 412 412 412 412 412 412 412 412 412 412 412 412 412 412 412 412 412 412 412 412
462 462 462 462 462 462 462 462 462 462 462 462 462 462 462 462 462 462 462 462 462 462 462 462 462 462 462 462 462 462 462 462 462 462 462 462 462 462 462 462 462 462 462 462 462 462 462 462 462 462 462 462 462 462 462 462 462 462 462 462 462 462 462 462 462 462 462 462 462 462 462 462 462 462 462 462 462 462 462 462 462 462 462 462 462 462 462 462 462 462 462 462 462 462 462 462 462 462 462 462 462
604 604 604 604 604 604 604 604 604 604 604 604 604 604 604 604 604 604 604 604 604 604 604 604 604 604 604 604 604 604 604 604 604 604 604 604 604 604 604 604 604 604 604 604 604 604 604 604 604 604 604 604 604 604 604 604 604 604 604 604 604 604 604 604 604 604 604 604 604 604 604 604 604 604 604 604 604 604 604 604 604 604 604 604 604 604 604 604 604 604 604 604 604 604 604 604 604 604 604 604 604
713 713 713 713 713 713 713 713 713 713 713 713 713 713 713 713 713 713 713 713 713 713 713 713 713 713 713 713 713 713 713 713 713 713 713 713 713 713 713 713 713 713 713 713 713 713 713 713 713 713 713 713 713 713 713 713 713 713 713 713 713 713 713 713 713 713 713 713 713 713 713 713 713 713 713 713 713 713 713 713 713 713 713 713 713 713 713 713 713 713 713 713 713 713 713 713 713 713 713 713 713
533 533 533 533 533 533 533 533 533 533 533 533 533 533 533 533 533 533 533 533 533 533 533 533 533 533 533 533 533 533 533 533 533 533 533 533 533 533 533 533 533 533 533 533 533 533 533 533 533 533 533 533 533 533 533 533 533 533 533 533 533 533 533 533 533 533 533 533 533 533 533 533 533 533 533 533 533 533 533 533 533 533 533 533 533 533 533 533 533 533 533 533 533 533 533 533 533 533 533 533 533
1198 1198 1198 1198 1198 1198 1198 1198 1198 1198 1198 1198 1198 1198 1198 1198 1198 1198 1198 1198 1198 1198 1198 1198 1198 1198 1198 1198 1198 1198 1198 1198 1198 1198 1198 1198 1198 1198 1198 1198 1198 1198 1198 1198 1198 1198 1198 1198 1198 1198 1198 1198 1198 1198 1198 1198 1198 1198 1198 1198 1198 1198 1198 1198 1198 1198 1198 1198 1198 1198 1198 1198 1198 1198 1198 1198 1198 1198 1198 1198 1198 1198 1198 1198 1198 1198 1198 1198 1198 1198 1198 1198 1198 1198 1198 1198 1198 1198 1198 1198 1198
1096 1096 1096 1096 1096 1096 1096 1096 1096 1096 1096 1096 1096 1096 1096 1096 1096 1096 1096 1096 1096 1096 1096 1096 1096 1096 1096 1096 1096 1096 1096 1096 1096 1096 1096 1096 1096 1096 1096 1096 1096 1096 1096 1096 1096 1096 1096 1096 1096 1096 1096 1096 1096 1096 1096 1096 1096 1096 1096 1096 1096 1096 1096 1096 1096 1096 1096 1096 1096 1096 1096 1096 1096 1096 1096 1096 1096 1096 1096 1096 1096 1096 1096 1096 1096 1096 1096 1096 1096 1096 1096 1096 1096 1096 1096 1096 1096 1096 1096 1096 1096
1007 1007 1007 1007 1007 1007 1007 1007 1007 1007 1007 1007 1007 1007 1007 1007 1007 1007 1007 1007 1007 1007 1007 1007 1007 1007 1007 1007 1007 1007 1007 1007 1007 1007 1007 1007 1007 1007 1007 1007 1007 1007 1007 1007 1007 1007 1007 1007 1007 1007 1007 1007 1007 1007 1007 1007 1007 1007 1007 1007 1007 1007 1007 1007 1007 1007 1007 1007 1007 1007 1007 1007 1007 1007 1007 1007 1007 1007 1007 1007 1007 1007 1007 1007 1007 1007 1007 1007 1007 1007 1007 1007 1007 1007 1007 1007 1007 1007 1007 1007 1007
929 929 929 929 929 929 929 929 929 929 929 929 929 929 929 929 929 929 929 929 929 929 929 929 929 929 929 929 929 929 929 929 929 929 929 929 929 929 929 929 929 929 929 929 929 929 929 929 929 929 929 929 929 929 929 929 929 929 929 929 929 929 929 929 929 929 929 929 929 929 929 929 929 929 929 929 929 929 929 929 929 929 929 929 929 929 929 929 929 929 929 929 929 929 929 929 929 929 929 929 929
282 282 282 282 282 282 282 282 282 282 282 282 282 282 282 282 282 282 282 282 282 282 282 282 282 282 282 282 282 282 282 282 282 282 282 282 282 282 282 282 282 282 282 282 282 282 282 282 282 282 282 282 282 282 282 282 282 282 282 282 282 282 282 282 282 282 282 282 282 282 282 282 282 282 282 282 282 282 282 282 282 282 282 282 282 282 282 282 282 282 282 282 282 282 282 282 282 282 282 282 282
286 286 286 286 286 286 286 286 286 286 286 286 286 286 286 286 286 286 286 286 286 286 286 286 286 286 286 286 286 286 286 286 286 286 286 286 286 286 286 286 286 286 286 286 286 286 286 286 286 286 286 286 286 286 286 286 286 286 286 286 286 286 286 286 286 286 286 286 286 286 286 286 286 286 286 286 286 286 286 286 286 286 286 286 286 286 286 286 286 286 286 286 286 286 286 286 286 286 286 286 286
217 217 217 217 217 217 217 217 217 217 217 217 217 217 217 217 217 217 217 217 217 217 217 217 217 217 217 217 217 217 217 217 217 217 217 217 217 217 217 217 217 217 217 217 217 217 217 217 217 217 217 217 217 217 217 217 217 217 217 217 217 217 217 217 217 217 217 217 217 217 217 217 217 217 217 217 217 217 217 217 217 217 217 217 217 217 217 217 217 217 217 217 217 217 217 217 217 217 217 217 217
609 609 609 609 609 609 609 609 609 609 609 609 609 609 609 609 609 609 609 609 609 609 609 609 609 609 609 609 609 609 609 609 609 609 609 609 609 609 609 609 609 609 609 609 609 609 609 609 609 609 609 609 609 609 609 609 609 609 609 609 609 609 609 609 609 609 609 609 609 609 609 609 609 609 609 609 609 609 609 609 609 609 609 609 609 609 609 609 609 609 609 609 609 609 609 609 609 609 609 609 609
744 744 744 744 744 744 744 744 744 744 744 744 744 744 744 744 744 744 744 744 744 744 744 744 744 744 744 744 744 744 744 744 744 744 744 744 744 744 744 744 744 744 744 744 744 744 744 744 744 744 744 744 744 744 744 744 744 744 744 744 744 744 744 744 744 744 744 744 744 744 744 744 744 744 744 744 744 744 744 744 744 744 744 744 744 744 744 744 744 744 744 744 744 744 744 744 744 744 744 744 744
1016 1016 1016 1016 1016 1016 1016 1016 1016 1016 1016 1016 1016 1016 1016 1016 1016 1016 1016 1016 1016 1016 1016 1016 1016 1016 1016 1016 1016 1016 1016 1016 1016 1016 1016 1016 1016 1016 1016 1016 1016 1016 1016 1016 1016 1016 1016 1016 1016 1016 1016 1016 1016 1016 1016 1016 1016 1016 1016 1016 1016 1016 1016 1016 1016 1016 1016 1016 1016 1016 1016 1016 1016 1016 1016 1016 1016 1016 1016 1016 1016 1016 1016 1016 1016 1016 1016 1016 1016 1016 1016 1016 1016 1016 1016 1016 1016 1016 1016 1016 1016
994 994 994 994 994 994 994 994 994 994 994 994 994 994 994 994 994 994 994 994 994 994 994 994 994 994 994 994 994 994 994 994 994 994 994 994 994 994 994 994 994 994 994 994 994 994 994 994 994 994 994 994 994 994 994 994 994 994 994 994 994 994 994 994 994 994 994 994 994 994 994 994 994 994 994 994 994 994 994 994 994 994 994 994 994 994 994 994 994 994 994 994 994 994 994 994 994 994 994 994 994
545 545 545 545 545 545 545 545 545 545 545 545 545 545 545 545 545 545 545 545 545 545 545 545 545 545 545 545 545 545 545 545 545 545 545 545 545 545 545 545 545 545 545 545 545 545 545 545 545 545 545 545 545 545 545 545 545 545 545 545 545 545 545 545 545 545 545 545 545 545 545 545 545 545 545 545 545 545 545 545 545 545 545 545 545 545 545 545 545 545 545 545 545 545 545 545 545 545 545 545 545
658 658 658 658 658 658 658 658 658 658 658 658 658 658 658 658 658 658 658 658 658 658 658 658 658 658 658 658 658 658 658 658 658 658 658 658 658 658 658 658 658 658 658 658 658 658 658 658 658 658 658 658 658 658 658 658 658 658 658 658 658 658 658 658 658 658 658 658 658 658 658 658 658 658 658 658 658 658 658 658 658 658 658 658 658 658 658 658 658 658 658 658 658 658 658 658 658 658 658 658 658
631 631 631 631 631 631 631 631 631 631 631 631 631 631 631 631 631 631 631 631 631 631 631 631 631 631 631 631 631 631 631 631 631 631 631 631 631 631 631 631 631 631 631 631 631 631 631 631 631 631 631 631 631 631 631 631 631 631 631 631 631 631 631 631 631 631 631 631 631 631 631 631 631 631 631 631 631 631 631 631 631 631 631 631 631 631 631 631 631 631 631 631 631 631 631 631 631 631 631 631 631
58 58 58 58 58 58 58 58 58 58 58 58 58 58 58 58 59 59 59 59 59 59 59 59 59 59 59 59 59 59 59 59 59 59 59 59 59 59 59 59 59 59 59 59 59 59 59 59 59 59 59 59 59 59 59 59 59 59 59 59 59 59 59 59 59 59 59 59 59 59 59 59 59 59 59 59 59 59 59 59 59 59 59 59 59 59 59 59 59 59 59 59 59 59 59 59 59 59 59 59 59
127 127 127 127 127 127 127 127 127 127 127 127 127 127 127 127 127 127 127 127 127 127 127 127 127 127 127 127 127 127 127 127 127 127 127 127 127 127 127 127 127 127 127 127 127 127 127 127 127 127 127 127 127 127 127 127 127 127 127 127 127 127 127 127 127 127 127 127 127 127 127 127 127 127 127 127 127 127 127 127 127 127 127 127 127 127 127 127 127 127 127 127 127 127 127 127 127 127 127 127 127
1140 1140 1140 1140 1140 1140 1140 1140 1140 1140 1140 1140 1140 1140 1140 1140 1140 1140 1140 1140 1140 1140 1140 1140 1140 1140 1140 1140 1140 1140 1140 1140 1140 1140 1140 1140 1140 1140 1140 1140 1140 1140 1140 1140 1140 1140 1140 1140 1140 1140 1140 1140 1140 1140 1140 1140 1140 1140 1140 1140 1140 1140 1140 1140 1140 1140 1140 1140 1140 1140 1140 1140 1140 1140 1140 1140 1140 1140 1140 1140 1140 1140 1140 1140 1140 1140 1140 1140 1140 1140 1140 1140 1140 1140 1140 1140 1140 1140 1140 1140 1140
656 656 656 656 656 656 656 656 656 656 656 656 656 656 656 656 656 656 656 656 656 656 656 656 656 656 656 656 656 656 656 656 656 656 656 656 656 656 656 656 656 656 656 656 656 656 656 656 656 656 656 656 656 656 656 656 656 656 656 656 656 656 656 656 656 656 656 656 656 656 656 656 656 656 656 656 656 656 656 656 656 656 656 656 656 656 656 656 656 656 656 656 656 656 656 656 656 656 656 656 656
711 711 711 711 711 711 711 711 711 711 711 711 711 711 711 711 711 711 711 711 711 711 711 711 711 711 711 711 711 711 711 711 711 711 711 711 711 711 711 711 711 711 711 711 711 711 711 711 711 711 711 711 711 711 711 711 711 711 711 711 711 711 711 711 711 711 711 711 711 711 711 711 711 711 711 711 711 711 711 711 711 711 711 711 711 711 711 711 711 711 711 711 711 711 711 711 711 711 711 711 711
223 223 223 223 223 223 223 223 223 223 223 223 223 223 223 223 223 223 223 223 223 223 223 223 223 223 223 223 223 223 223 223 223 223 223 223 223 223 223 223 223 223 223 223 223 223 223 223 223 223 223 223 223 223 223 223 223 223 223 223 223 223 223 223 223 223 223 223 223 223 223 223 223 223 223 223 223 223 223 223 223 223 223 223 223 223 223 223 223 223 223 223 223 223 223 223 223 223 223 223 223
777 777 777 777 777 777 777 777 777 777 777 777 777 777 777 777 777 777 777 777 777 777 777 777 777 777 777 777 777 777 777 777 777 777 777 777 777 777 777 777 777 777 777 777 777 777 777 777 777 777 777 777 777 777 777 777 777 777 777 777 777 777 777 777 777 777 777 777 777 777 777 777 777 777 777 777 777 777 777 777 777 777 777 777 777 777 777 777 777 777 777 777 777 777 777 777 777 777 777 777 777
579 579 579 579 579 579 579 579 579 579 579 579 579 579 579 579 579 579 579 579 579 579 579 579 579 579 579 579 579 579 579 579 579 579 579 579 579 579 579 579 579 579 579 579 579 579 579 579 579 579 579 579 579 579 579 579 579 579 579 579 579 579 579 579 579 579 579 579 579 579 579 579 579 579 579 579 579 579 579 579 579 579 579 579 579 579 579 579 579 579 579 579 579 579 579 579 579 579 579 579 579
116 116 116 116 116 116 116 116 116 116 116 116 116 116 116 116 116 116 116 116 116 116 116 116 116 116 116 116 116 116 116 116 116 116 116 116 116 116 116 116 116 116 116 116 116 116 116 116 116 116 116 116 116 116 116 116 116 116 116 116 116 116 116 116 116 116 116 116 116 116 116 116 116 116 116 116 116 116 116 116 116 116 116 116 116 116 116 116 116 116 116 116 116 116 116 116 116 116 116 116 116
443 443 443 443 443 443 443 443 443 443 443 443 443 443 443 443 443 443 443 443 443 443 443 443 443 443 443 443 443 443 443 443 443 443 443 443 443 443 443 443 443 443 443 443 443 443 443 443 443 443 443 443 443 443 443 443 443 443 443 443 443 443 443 443 443 443 443 443 443 443 443 443 443 443 443 443 443 443 443 443 443 443 443 443 443 443 443 443 443 443 443 443 443 443 443 443 443 443 443 443 443
930 930 930 930 930 930 930 930 930 930 930 930 930 930 930 930 930 930 930 930 930 930 930 930 930 930 930 930 930 930 930 930 930 930 930 930 930 930 930 930 930 930 930 930 930 930 930 930 930 930 930 930 930 930 930 930 930 930 930 930 930 930 930 930 930 930 930 930 930 930 930 930 930 930 930 930 930 930 930 930 930 930 930 930 930 930 930 930 930 930 930 930 930 930 930 930 930 930 930 930 930
234 234 234 234 234 234 234 234 234 234 234 234 234 234 234 234 234 234 234 234 234 234 234 234 234 234 234 234 234 234 234 234 234 234 234 234 234 234 234 234 234 234 234 234 234 234 234 234 234 234 234 234 234 234 234 234 234 234 234 234 234 234 234 234 234 234 234 234 234 234 234 234 234 234 234 234 234 234 234 234 234 234 234 234 234 234 234 234 234 234 234 234 234 234 234 234 234 234 234 234 234
1023 1023 1023 1023 1023 1023 1023 1023 1023 1023 1023 1023 1023 1023 1023 1023 1023 1023 1023 1023 1023 1023 1023 1023 1023 1023 1023 1023 1023 1023 1023 1023 1023 1023 1023 1023 1023 1023 1023 1023 1023 1023 1023 1023 1023 1023 1023 1023 1023 1023 1023 1023 1023 1023 1023 1023 1023 1023 1023 1023 1023 1023 1023 1023 1023 1023 1023 1023 1023 1023 1023 1023 1023 1023 1023 1023 1023 1023 1023 1023 1023 1023 1023 1023 1023 1023 1023 1023 1023 1023 1023 1023 1023 1023 1023 1023 1023 1023 1023 1023 1023
927 927 927 927 927 927 927 927 927 927 927 927 927 927 927 927 927 927 927 927 927 927 927 927 927 927 927 927 927 927 927 927 927 927 927 927 927 927 927 927 927 927 927 927 927 927 927 927 927 927 927 927 927 927 927 927 927 927 927 927 927 927 927 927 927 927 927 927 927 927 927 927 927 927 927 927 927 927 927 927 927 927 927 927 927 927 927 927 927 927 927 927 927 927 927 927 927 927 927 927 927
888 888 888 888 888 888 888 888 888 888 888 888 888 888 888 888 888 888 888 888 888 888 888 888 888 888 888 888 888 888 888 888 888 888 888 888 888 888 888 888 888 888 888 888 888 888 888 888 888 888 888 888 888 888 888 888 888 888 888 888 888 888 888 888 888 888 888 888 888 888 888 888 888 888 888 888 888 888 888 888 888 888 888 888 888 888 888 888 888 888 888 888 888 888 888 888 888 888 888 888 888
489 489 489 489 489 489 489 489 489 489 489 489 489 489 489 489 489 489 489 489 489 489 489 489 489 489 489 489 489 489 489 489 489 489 489 489 489 489 489 489 489 489 489 489 489 489 489 489 489 489 489 489 489 489 489 489 489 489 489 489 489 489 489 489 489 489 489 489 489 489 489 489 489 489 489 489 489 489 489 489 489 489 489 489 489 489 489 489 489 489 489 489 489 489 489 489 489 489 489 489 489
1128 1128 1128 1128 1128 1128 1128 1128 1128 1128 1128 1128 1128 1128 1128 1128 1128 1128 1128 1128 1128 1128 1128 1128 1128 1128 1128 1128 1128 1128 1128 1128 1128 1128 1128 1128 1128 1128 1128 1128 1128 1128 1128 1128 1128 1128 1128 1128 1128 1128 1128 1128 1128 1128 1128 1128 1128 1128 1128 1128 1128 1128 1128 1128 1128 1128 1128 1128 1128 1128 1128 1128 1128 1128 1128 1128 1128 1128 1128 1128 1128 1128 1128 1128 1128 1128 1128 1128 1128 1128 1128 1128 1128 1128 1128 1128 1128 1128 1128 1128 1128
68 68 68 68 68 68 68 68 68 68 68 68 68 68 68 68 68 68 68 68 68 68 68 68 68 68 68 68 68 68 68 68 68 68 68 68 68 68 68 68 68 68 68 68 68 68 68 68 68 68 68 68 68 68 68 68 68 68 68 68 68 68 68 68 68 68 68 68 68 68 68 68 68 68 68 68 68 68 68 68 68 68 68 68 68 68 68 68 68 68 68 68 68 68 68 68 68 68 68 68 68
1198 1198 1198 1198 1198 1198 1198 1198 1198 1198 1198 1198 1198 1198 1198 1198 1198 1198 1198 1198 1198 1198 1198 1198 1198 1198 1198 1198 1198 1198 1198 1198 1198 1198 1198 1198 1198 1198 1198 1198 1198 1198 1198 1198 1198 1198 1198 1198 1198 1198 1198 1198 1198 1198 1198 1198 1198 1198 1198 1198 1198 1198 1198 1198 1198 1198 1198 1198 1198 1198 1198 1198 1198 1198 1198 1198 1198 1198 1198 1198 1198 1198 1198 1198 1198 1198 1198 1198 1198 1198 1198 1198 1198 1198 1198 1198 1198 1198 1198 1198 1198
427 427 427 427 427 427 427 427 427 427 427 427 427 427 427 427 427 427 427 427 427 427 427 427 427 427 427 427 427 427 427 427 427 427 427 427 427 427 427 427 427 427 427 427 427 427 427 427 427 427 427 427 427 427 427 427 427 427 427 427 427 427 427 427 427 427 427 427 427 427 427 427 427 427 427 427 427 427 427 427 427 427 427 427 427 427 427 427 427 427 427 427 427 427 427 427 427 427 427 427 427
84 84 84 84 84 84 84 84 84 84 84 84 84 84 84 84 84 84 84 84 84 84 84 84 84 84 84 84 84 84 84 84 84 84 84 84 84 84 84 84 84 84 84 84 84 84 84 84 84 84 84 84 84 84 84 84 84 84 84 84 84 84 84 84 84 84 84 84 84 84 84 84 84 84 84 84 84 84 84 84 84 84 84 84 84 84 84 84 84 84 84 84 84 84 84 84 84 84 84 84 84
516 516 516 516 516 516 516 516 516 516 516 516 516 516 516 516 516 516 516 516 516 516 516 516 516 516 516 516 516 516 516 516 516 516 516 516 516 516 516 516 516 516 516 516 516 516 516 516 516 516 516 516 516 516 516 516 516 516 516 516 516 516 516 516 516 516 516 516 516 516 516 516 516 516 516 516 516 516 516 516 516 516 516 516 516 516 516 516 516 516 516 516 516 516 516 516 516 516 516 516 516
864 864 864 864 864 864 864 864 864 864 864 864 864 864 864 864 864 864 864 864 864 864 864 864 864 864 864 864 864 864 864 864 864 864 864 864 864 864 864 864 864 864 864 864 864 864 864 864 864 864 864 864 864 864 864 864 864 864 864 864 864 864 864 864 864 864 864 864 864 864 864 864 864 864 864 864 864 864 864 864 864 864 864 864 864 864 864 864 864 864 864 864 864 864 864 864 864 864 864 864 864
397 397 397 397 397 397 397 397 397 397 397 397 397 397 397 397 397 397 397 397 397 397 397 397 397 397 397 397 397 397 397 397 397 397 397 397 397 397 397 397 397 397 397 397 397 397 397 397 397 397 397 397 397 397 397 397 397 397 397 397 397 397 397 397 397 397 397 397 397 397 397 397 397 397 397 397 397 397 397 397 397 397 397 397 397 397 397 397 397 397 397 397 397 397 397 397 397 397 397 397 397
963 963 963 963 963 963 963 963 963 963 963 963 963 963 963 963 963 963 963 963 963 963 963 963 963 963 963 963 963 963 963 963 963 963 963 963 963 963 963 963 963 963 963 963 963 963 963 963 963 963 963 963 963 963 963 963 963 963 963 963 963 963 963 963 963 963 963 963 963 963 963 963 963 963 963 963 963 963 963 963 963 963 963 963 963 963 963 963 963 963 963 963 963 963 963 963 963 963 963 963 963
664 664 664 664 664 664 664 664 664 664 664 664 664 664 664 664 664 664 664 664 664 664 664 664 664 664 664 664 664 664 664 664 664 664 664 664 664 664 664 664 664 664 664 664 664 664 664 664 664 664 664 664 664 664 664 664 664 664 664 664 664 664 664 664 664 664 664 664 664 664 664 664 664 664 664 664 664 664 664 664 664 664 664 664 664 664 664 664 664 664 664 664 664 664 664 664 664 664 664 664 664
1196 1196 1196 1196 1196 1196 1196 1196 1196 1196 1196 1196 1196 1196 1196 1196 1196 1196 1196 1196 1196 1196 1196 1196 1196 1196 1196 1196 1196 1196 1196 1196 1196 1196 1196 1196 1196 1196 1196 1196 1196 1196 1196 1196 1196 1196 1196 1196 1196 1196 1196 1196 1196 1196 1196 1196 1196 1196 1196 1196 1196 1196 1196 1196 1196 1196 1196 1196 1196 1196 1196 1196 1196 1196 1196 1196 1196 1196 1196 1196 1196 1196 1196 1196 1196 1196 1196 1196 1196 1196 1196 1196 1196 1196 1196 1196 1196 1196 1196 1196 1196
355 355 355 355 355 355 355 355 355 355 355 355 355 355 355 355 355 355 355 355 355 355 355 355 355 355 355 355 355 355 355 355 355 355 355 355 355 355 355 355 355 355 355 355 355 355 355 355 355 355 355 355 355 355 355 355 355 355 355 355 355 355 355 355 355 355 355 355 355 355 355 355 355 355 355 355 355 355 355 355 355 355 355 355 355 355 355 355 355 355 355 355 355 355 355 355 355 355 355 355 355
1025 1025 1025 1025 1025 1025 1025 1025 1025 1025 1025 1025 1025 1025 1025 1025 1025 1025 1025 1025 1025 1025 1025 1025 1025 1025 1025 1025 1025 1025 1025 1025 1025 1025 1025 1025 1025 1025 1025 1025 1025 1025 1025 1025 1025 1025 1025 1025 1025 1025 1025 1025 1025 1025 1025 1025 1025 1025 1025 1025 1025 1025 1025 1025 1025 1025 1025 1025 1025 1025 1025 1025 1025 1025 1025 1025 1025 1025 1025 1025 1025 1025 1025 1025 1025 1025 1025 1025 1025 1025 1025 1025 1025 1025 1025 1025 1025 1025 1025 1025 1025
131 131 131 131 131 131 131 131 131 131 131 131 131 131 131 131 131 131 131 131 131 131 131 131 131 131 131 131 131 131 131 131 131 131 131 131 131 131 131 131 131 131 131 131 131 131 131 131 131 131 131 131 131 131 131 131 131 131 131 131 131 131 131 131 131 131 131 131 131 131 131 131 131 131 131 131 131 131 131 131 131 131 131 131 131 131 131 131 131 131 131 131 131 131 131 131 131 131 131 131 131
852 852 852 852 852 852 852 852 852 852 852 852 852 852 852 852 852 852 852 852 852 852 852 852 852 852 852 852 852 852 852 852 852 852 852 852 852 852 852 852 852 852 852 852 852 852 852 852 852 852 852 852 852 852 852 852 852 852 852 852 852 852 852 852 852 852 852 852 852 852 852 852 852 852 852 852 852 852 852 852 852 852 852 852 852 852 852 852 852 852 852 852 852 852 852 852 852 852 852 852 852
95 95 95 95 95 95 95 95 95 95 95 95 95 95 95 95 95 95 95 95 95 95 95 95 95 95 95 95 95 95 95 95 95 95 95 95 95 95 95 95 95 95 95 95 95 95 95 95 95 95 95 95 95 95 95 95 95 95 95 95 95 95 95 95 95 95 95 95 95 95 95 95 95 95 95 95 95 95 95 95 95 95 95 95 95 95 95 95 95 95 95 95 95 95 95 95 95 95 95 95 95
1197 1197 1197 1197 1197 1197 1197 1197 1197 1197 1197 1197 1197 1197 1197 1197 1197 1197 1197 1197 1197 1197 1197 1197 1197 1197 1197 1197 1197 1197 1197 1197 1197 1197 1197 1197 1197 1197 1197 1197 1197 1197 1197 1197 1197 1197 1197 1197 1197 1197 1197 1197 1197 1197 1197 1197 1197 1197 1197 1197 1197 1197 1197 1197 1197 1197 1197 1197 1197 1197 1197 1197 1197 1197 1197 1197 1197 1197 1197 1197 1197 1197 1197 1197 1197 1197 1197 1197 1197 1197 1197 1197 1197 1197 1197 1197 1197 1197 1197 1197 1197
1020 1020 1020 1020 1020 1020 1020 1020 1020 1020 1020 1020 1020 1020 1020 1020 1020 1020 1020 1020 1020 1020 1020 1020 1020 1020 1020 1020 1020 1020 1020 1020 1020 1020 1020 1020 1020 1020 1020 1020 1020 1020 1020 1020 1020 1020 1020 1020 1020 1020 1020 1020 1020 1020 1020 1020 1020 1020 1020 1020 1020 1020 1020 1020 1020 1020 1020 1020 1020 1020 1020 1020 1020 1020 1020 1020 1020 1020 1020 1020 1020 1020 1020 1020 1020 1020 1020 1020 1020 1020 1020 1020 1020 1020 1020 1020 1020 1020 1020 1020 1020
1199 1199 1199 1199 1199 1199 1199 1199 1199 1199 1199 1199 1199 1199 1199 1199 1199 1199 1199 1199 1199 1199 1199 1199 1199 1199 1199 1199 1199 1199 1199 1199 1199 1199 1199 1199 1199 1199 1199 1199 1199 1199 1199 1199 1199 1199 1199 1199 1199 1199 1199 1199 1199 1199 1199 1199 1199 1199 1199 1199 1199 1199 1199 1199 1199 1199 1199 1199 1199 1199 1199 1199 1199 1199 1199 1199 1199 1199 1199 1199 1199 1199 1199 1199 1199 1199 1199 1199 1199 1199 1199 1199 1199 1199 1199 1199 1199 1199 1199 1199 1199
280 280 280 280 280 280 280 280 280 280 280 280 280 280 280 280 280 280 280 280 280 280 280 280 280 280 280 280 280 280 280 280 280 280 280 280 280 280 280 280 280 280 280 280 280 280 280 280 280 280 280 280 280 280 280 280 280 280 280 280 280 280 280 280 280 280 280 280 280 280 280 280 280 280 280 280 280 280 280 280 280 280 280 280 280 280 280 280 280 280 280 280 280 280 280 280 280 280 280 280 280
785 785 785 785 785 785 785 785 785 785 785 785 785 785 785 785 785 785 785 785 785 785 785 785 785 785 785 785 785 785 785 785 785 785 785 785 785 785 785 785 785 785 785 785 785 785 785 785 785 785 785 785 785 785 785 785 785 785 785 785 785 785 785 785 785 785 785 785 785 785 785 785 785 785 785 785 785 785 785 785 785 785 785 785 785 785 785 785 785 785 785 785 785 785 785 785 785 785 785 785 785
581 581 581 581 581 581 581 581 581 581 581 581 581 581 581 581 581 581 581 581 581 581 581 581 581 581 581 581 581 581 581 581 581 581 581 581 581 581 581 581 581 581 581 581 581 581 581 581 581 581 581 581 581 581 581 581 581 581 581 581 581 581 581 581 581 581 581 581 581 581 581 581 581 581 581 581 581 581 581 581 581 581 581 581 581 581 581 581 581 581 581 581 581 581 581 581 581 581 581 581 581
1001 1001 1001 1001 1001 1001 1001 1001 1001 1001 1001 1001 1001 1001 1001 1001 1001 1001 1001 1001 1001 1001 1001 1001 1001 1001 1001 1001 1001 1001 1001 1001 1001 1001 1001 1001 1001 1001 1001 1001 1001 1001 1001 1001 1001 1001 1001 1001 1001 1001 1001 1001 1001 1001 1001 1001 1001 1001 1001 1001 1001 1001 1001 1001 1001 1001 1001 1001 1001 1001 1001 1001 1001 1001 1001 1001 1001 1001 1001 1001 1001 1001 1001 1001 1001 1001 1001 1001 1001 1001 1001 1001 1001 1001 1001 1001 1001 1001 1001 1001 1001
524 524 524 524 524 524 524 524 524 524 524 524 524 524 524 524 524 524 524 524 524 524 524 524 524 524 524 524 524 524 524 524 524 524 524 524 524 524 524 524 524 524 524 524 524 524 524 524 524 524 524 524 524 524 524 524 524 524 524 524 524 524 524 524 524 524 524 524 524 524 524 524 524 524 524 524 524 524 524 524 524 524 524 524 524 524 524 524 524 524 524 524 524 524 524 524 524 524 524 524 524
842 842 842 842 842 842 842 842 842 842 842 842 842 842 842 842 842 842 842 842 842 842 842 842 842 842 842 842 842 842 842 842 842 842 842 842 842 842 842 842 842 842 842 842 842 842 842 842 842 842 842 842 842 842 842 842 842 842 842 842 842 842 842 842 842 842 842 842 842 842 842 842 842 842 842 842 842 842 842 842 842 842 842 842 842 842 842 842 842 842 842 842 842 842 842 842 842 842 842 842 842
692 692 692 692 692 692 692 692 692 692 692 692 692 692 692 692 692 692 692 692 692 692 692 692 692 692 692 692 692 692 692 692 692 692 692 692 692 692 692 692 692 692 692 692 692 692 692 692 692 692 692 692 692 692 692 692 692 692 692 692 692 692 692 692 692 692 692 692 692 692 692 692 692 692 692 692 692 692 692 692 692 692 692 692 692 692 692 692 692 692 692 692 692 692 692 692 692 692 692 692 692
1075 1075 1076 1076 1076 1076 1076 1076 1076 1076 1076 1076 1076 1076 1076 1076 1076 1076 1076 1076 1076 1076 1076 1076 1076 1076 1076 1076 1076 1076 1076 1076 1076 1076 1076 1076 1076 1076 1076 1076 1076 1076 1076 1076 1076 1076 1076 1076 1076 1076 1076 1076 1076 1076 1076 1076 1076 1076 1076 1076 1076 1076 1076 1076 1076 1076 1076 1076 1076 1076 1076 1076 1076 1076 1076 1076 1076 1076 1076 1076 1076 1076 1076 1076 1076 1076 1076 1076 1076 1076 1076 1076 1076 1076 1076 1076 1076 1076 1076 1076 1076
511 511 511 511 511 511 511 511 511 511 511 511 511 511 511 511 511 511 511 511 511 511 511 511 511 511 511 511 511 511 511 511 511 511 511 511 511 511 511 511 511 511 511 511 511 511 511 511 511 511 511 511 511 511 511 511 511 511 511 511 511 511 511 511 511 511 511 511 511 511 511 511 511 511 511 511 511 511 511 511 511 511 511 511 511 511 511 511 511 511 511 511 511 511 511 511 511 511 511 511 511
1164 1164 1164 1164 1164 1164 1164 1164 1164 1164 1164 1164 1164 1164 1164 1164 1164 1164 1164 1164 1164 1164 1164 1164 1164 1164 1164 1164 1164 1164 1164 1164 1164 1164 1164 1164 1164 1164 1164 1164 1164 1164 1164 1164 1164 1164 1164 1164 1164 1164 1164 1164 1164 1164 1164 1164 1164 1164 1164 1164 1164 1164 1164 1164 1164 1164 1164 1164 1164 1164 1164 1164 1164 1164 1164 1164 1164 1164 1164 1164 1164 1164 1164 1164 1164 1164 1164 1164 1164 1164 1164 1164 1164 1164 1164 1164 1164 1164 1164 1164 1164
201 201 201 201 201 201 201 201 201 201 201 201 201 201 201 201 201 201 201 201 201 201 201 201 201 201 201 201 201 201 201 201 201 201 201 201 201 201 201 201 201 201 201 201 201 201 201 201 201 201 201 201 201 201 201 201 201 201 201 201 201 201 201 201 201 201 201 201 201 201 201 201 201 201 201 201 201 201 201 201 201 201 201 201 201 201 201 201 201 201 201 201 201 201 201 201 201 201 201 201 201
657 657 657 657 657 657 657 657 657 657 657 657 657 657 657 657 657 657 657 657 657 657 657 657 657 657 657 657 657 657 657 657 657 657 657 657 657 657 657 657 657 657 657 657 657 657 657 657 657 657 657 657 657 657 657 657 657 657 657 657 657 657 657 657 657 657 657 657 657 657 657 657 657 657 657 657 657 657 657 657 657 657 657 657 657 657 657 657 657 657 657 657 657 657 657 657 657 657 657 657 657
468 468 468 468 468 468 468 468 468 468 468 468 468 468 468 468 468 468 468 468 468 468 468 468 468 468 468 468 468 468 468 468 468 468 468 468 468 468 468 468 468 468 468 468 468 468 468 468 468 468 468 468 468 468 468 468 468 468 468 468 468 468 468 468 468 468 468 468 468 468 468 468 468 468 468 468 468 468 468 468 468 468 468 468 468 468 468 468 468 468 468 468 468 468 468 468 468 468 468 468 468
58 58 58 58 58 58 58 58 58 58 58 58 58 58 58 58 58 58 58 58 58 58 58 58 58 58 58 58 58 58 58 58 58 58 58 58 58 58 58 58 58 58 58 58 58 58 58 58 58 58 58 58 58 58 58 58 58 58 58 58 58 58 58 58 58 58 58 58 58 58 58 58 58 58 58 58 58 58 58 58 58 58 58 58 58 58 58 58 58 58 58 58 58 58 58 58 58 58 58 58 58
761 761 761 761 761 761 761 761 761 761 761 761 761 761 761 761 761 761 761 761 761 761 761 761 761 761 761 761 761 761 761 761 761 761 761 761 761 761 761 761 761 761 761 761 761 761 761 761 761 761 761 761 761 761 761 761 761 761 761 761 761 761 761 761 761 761 761 761 761 761 761 761 761 761 761 761 761 761 761 761 761 761 761 761 761 761 761 761 761 761 761 761 761 761 761 761 761 761 761 761 761
437 437 437 437 437 437 437 437 437 437 437 437 437 437 437 437 437 437 438 438 438 438 438 438 438 438 438 438 438 438 438 438 438 438 438 438 438 438 438 438 438 438 438 438 438 438 438 438 438 438 438 438 438 438 438 438 438 438 438 438 438 438 438 438 438 438 438 438 438 438 438 438 438 438 438 438 438 438 438 438 438 438 438 438 438 438 438 438 438 438 438 438 438 438 438 438 438 438 438 438 438
334 334 334 334 334 334 334 334 334 334 334 334 334 334 334 334 334 334 334 334 334 334 334 334 334 334 334 334 334 334 334 334 334 334 334 334 334 334 334 334 334 334 334 334 334 334 334 334 334 334 334 334 334 334 334 334 334 334 334 334 334 334 334 334 334 334 334 334 334 334 334 334 334 334 334 334 334 334 334 334 334 334 334 334 334 334 334 334 334 334 334 334 334 334 334 334 334 334 334 334 334
549 549 549 549 549 549 549 549 549 549 549 549 549 549 549 549 549 549 549 549 549 549 549 549 549 549 549 549 549 549 549 549 549 549 549 549 549 549 549 549 549 549 549 549 549 549 549 549 549 549 549 549 549 549 549 549 549 549 549 549 549 549 549 549 549 549 549 549 549 549 549 549 549 549 549 549 549 549 549 549 549 549 549 549 549 549 549 549 549 549 549 549 549 549 549 549 549 549 549 549 549
646 646 646 646 646 646 646 646 646 646 646 646 646 646 646 646 646 646 646 646 646 646 646 646 646 646 646 646 646 646 646 646 646 646 646 646 646 646 646 646 646 646 646 646 646 646 646 646 646 646 646 646 646 646 646 646 646 646 646 646 646 646 646 646 646 646 646 646 646 646 646 646 646 646 646 646 646 646 646 646 646 646 646 646 646 646 646 646 646 646 646 646 646 646 646 646 646 646 646 646 646
562 562 562 562 562 562 562 562 562 562 562 562 562 562 562 562 562 562 562 562 562 562 562 562 562 562 562 562 562 562 562 562 562 562 562 562 562 562 562 562 562 562 562 562 562 562 562 562 562 562 562 562 562 562 562 562 562 562 562 562 562 562 562 562 562 562 562 562 562 562 562 562 562 562 562 562 562 562 562 562 562 562 562 562 562 562 562 562 562 562 562 562 562 562 562 562 562 562 562 562 562
